13040003 40.0111805555556 0.196317177172901 3.11773561385551e-05 102.36571503
13040016 40.0760648148148 0.191906058478628 5.66192528763181e-05 89.90571594
13040017 40.0807175925926 0.190125395281958 9.73286238103408e-05 82.53428650
13040018 40.0828703703704 0.190006145873282 3.84196205376004e-05 82.61999512
13040037 40.2025115740741 0.186256740809239 8.26621529744391e-05 63.74856949
13040040 40.2200115740741 0.186257581839327 3.42210945544482e-05 61.64285660
13040041 40.2394675925926 0.185899850573176 4.36390581762752e-05 57.52000046
13040042 40.2506134259259 0.185822503519868 3.55546206792817e-05 56.36857224
13040043 40.2654050925926 0.185000506728512 3.61719019176253e-05 55.26285553
13040044 40.2808449074074 0.18618248975797 3.76885801392036e-05 51.02000046
13040045 40.2962615740741 0.185252756074352 3.71154217196625e-05 52.32857132
13040046 40.3112037037037 0.184349002487468 8.20408169583314e-05 47.88856888
13041002 41.2118634259259 0.123375523304672 3.08190954624711e-05 45.26428604
13041004 41.2254513888889 0.119244265750429 3.34100936313496e-05 35.29285812
13041006 41.2336574074074 0.117865277275573 2.27206997529225e-05 33.41428757
13041007 41.2461458333333 0.119086304312556 1.81548547668705e-05 33.19714355
13041008 41.2656134259259 0.119443631834014 1.82897377289298e-05 32.35857391
13041009 41.2993287037037 0.127944810107947 1.95233505581834e-05 47.00143051
13041010 41.3140393518519 0.125238180155265 3.03150411435266e-05 43.81285477
13041082 41.7666319444444 0.144253085689146 2.58741578892362e-05 58.07714081
13041101 41.8104861111111 0.132286584727938 1.61984511498775e-05 56.15857315
13041102 41.8277662037037 0.131264774727725 1.6145170048874e-05 55.76285553
13041108 41.8582060185185 0.128310463197665 1.76263630857901e-05 52.25143051
13041109 41.8818287037037 0.126471326622213 1.64800634532385e-05 49.50714111
13041110 41.9000347222222 0.124399275708311 1.68949066172883e-05 45.39428711
13041115 41.9295138888889 0.122657308646508 1.68562914353705e-05 44.49285889
13041116 41.9480439814815 0.121367207170265 1.70258079815421e-05 42.59571457
13041119 41.9763773148148 0.11994554953019 1.74605327575298e-05 39.90000153
13042001 42.0006018518519 0.119126850149278 1.74313919415358e-05 39.13142776
13042002 42.0195717592593 0.118965918387608 1.8416249497913e-05 37.81142807
13042003 42.0381712962963 0.118048846068642 1.94759515429229e-05 38.75571442
13042006 42.2619212962963 0.134188817955844 1.75963616383732e-05 48.74000168
13042007 42.2790046296296 0.133297948119807 1.77457977689672e-05 46.54571533
13042008 42.295462962963 0.132673274159651 1.79116838731919e-05 45.08571243
13042013 42.3236805555556 0.129826777066913 1.84067615959018e-05 41.71285629
13042015 42.3412962962963 0.128849977666689 1.82430628046297e-05 41.96999741
13042016 42.359224537037 0.127589717078546 1.82074518524591e-05 40.29999924
13042017 42.3832986111111 0.125881541019749 1.8373447809314e-05 38.53285599
13042018 42.4010300925926 0.125427775351711 1.8356565676054e-05 38.38856888
13042019 42.4187268518519 0.124345385357979 1.83525043178145e-05 37.84571457
13042020 42.4378587962963 0.123536867074774 7.36513319107088e-05 36.68571472
13042022 42.4430092592593 0.123337371288417 1.63868362645922e-05 36.80142975
13042023 42.4656018518519 0.105536130914766 2.11950378525849e-05 35.70714188
13042024 42.5167592592593 0.0909843048115455 1.66464072835488e-05 33.53000259
13042025 42.5345023148148 0.0919391924811858 1.69336590356175e-05 32.90857315
13042026 42.5521064814815 0.0906012173512687 1.69619334398233e-05 32.13999939
13042027 42.5697916666667 0.0898335473580077 1.68927436492609e-05 31.93428421
13042046 42.8201157407407 0.131632375240829 1.28483501178222e-05 106.65856934
13042047 42.8361111111111 0.130163302007707 1.28129868233165e-05 100.24285889
13042048 42.8532175925926 0.127633986583781 1.11466070384977e-05 93.51142883
13042049 42.8759027777778 0.126268002778139 1.30745869897267e-05 86.81571198
13042050 42.8932986111111 0.124412912574049 1.85006171497105e-05 84.05285645
13043005 43.2440972222222 0.133976563104309 1.3377093205958e-05 99.65714264
13043006 43.2601157407407 0.132018754597734 1.38343899872965e-05 88.25428009
13043011 43.2925694444444 0.128991771675681 1.42522658178573e-05 74.31571198
13043012 43.3093171296296 0.127126043133903 1.44483691629411e-05 69.17285919
13043013 43.3267824074074 0.125574971294318 1.47261615511987e-05 64.37429047
13043017 43.3515509259259 0.132735309128108 2.0263107880175e-05 59.76000214
13043023 43.411087962963 0.119203456195281 1.64979139817619e-05 50.90285492
13043027 43.4334606481481 0.118053101408743 1.95014945498779e-05 48.52000046
13043029 43.4469675925926 0.117366396970135 1.47141330491059e-05 47.34571457
13043030 43.4680787037037 0.11619225894905 1.6064859855419e-05 45.49142838
13043031 43.4885648148148 0.115918586368965 4.10904367464308e-05 44.26857376
13043032 43.498900462963 0.115312808866574 1.63442214884827e-05 42.44142532
13043034 43.5225347222222 0.11478503661969 2.68199098501757e-05 41.03857040
13043035 43.53 0.114406568748358 1.63789229344133e-05 41.25428772
13043044 43.6758912037037 0.129116122382547 1.24926930951461e-05 105.86856842
13043046 43.6942824074074 0.126851805038655 1.16347488699928e-05 96.98714447
13043047 43.7145833333333 0.124460340254377 1.260052489709e-05 91.30857086
13043048 43.7324189814815 0.123331074023655 1.26883642057424e-05 87.51285553
13043049 43.7505787037037 0.121623420766754 1.27728629852404e-05 83.23285675
13043050 43.7695023148148 0.120366500201911 1.28645233018714e-05 79.88285065
13043051 43.7884259259259 0.11889313403485 7.51072185967506e-05 76.53571320
13043052 43.7995717592593 0.11680003701698 1.31836857269487e-05 70.93714142
13043053 43.8185300925926 0.115800886558141 1.33160100471176e-05 68.12857056
13043054 43.8379282407407 0.113793047560897 1.34247089125283e-05 64.51000214
13043055 43.8577199074074 0.111479536906156 1.37729065776834e-05 58.42571640
13043056 43.8779513888889 0.109301253696339 1.4125931114719e-05 53.06428528
13043057 43.8980787037037 0.110548990963183 1.49986676217409e-05 47.21857071
13043058 43.9279861111111 0.110978494069419 1.39598158783845e-05 56.00714111
13043059 43.9476388888889 0.110634501530819 1.42414294369551e-05 53.19857025
13043060 43.9673726851852 0.110049418020108 2.52531595385815e-05 51.55714417
13043062 43.9848958333333 0.109777129372736 3.33520657215854e-05 50.80714417
13043063 43.9899421296296 0.109747757265155 6.4773068283171e-05 50.36571503
13044015 44.1919675925926 0.126178299780583 1.19579305409189e-05 89.78428650
13044017 44.2143981481481 0.125166889448782 1.30333534077502e-05 84.59428406
13044018 44.2323148148148 0.124179820409425 1.31720942125966e-05 80.52429199
13044019 44.250462962963 0.12281689218148 1.33371957427623e-05 76.35571289
13044020 44.2689814814815 0.121574060672919 1.51329047396033e-05 73.01714325
13044021 44.2916666666667 0.119602476414591 1.36491898299785e-05 68.60428619
13044022 44.3106018518519 0.119123533891801 1.36439177237383e-05 67.98143005
13044023 44.3294791666667 0.118094280763085 1.38330684048967e-05 64.56285858
13044024 44.3484490740741 0.11644122038582 1.39421971415871e-05 61.66428757
13044025 44.3705671296296 0.114910189057106 1.39735639809288e-05 59.42714310
13044026 44.3907291666667 0.115000615679906 2.18234460462665e-05 57.58856964
13044029 44.4212847222222 0.113130318287222 1.73360218659629e-05 54.07143021
13044030 44.4377662037037 0.112806948893628 1.4420989851074e-05 53.42428589
13044031 44.4573842592593 0.112216484381678 1.82893926072145e-05 52.38714600
13044034 44.4788310185185 0.111889133302403 3.22570378062649e-05 50.29142761
13044118 44.896875 0.130434782696152 0.000582671794500217 103.75142670
13044119 44.8989699074074 0.128910659830504 2.90584870318603e-05 102.29285431
13044121 44.9038888888889 0.129167177040101 2.85720442129375e-05 140.09799194
13044122 44.9093518518519 0.127899508768718 1.20653597655615e-05 135.82000732
13044123 44.9283333333333 0.125662622443111 1.3120234267136e-05 127.07400513
13044124 44.9458680555556 0.123683272235986 1.31071710113733e-05 121.90799713
13044125 44.9660185185185 0.1220984300652 1.44335251545256e-05 114.07199860
13044126 44.9884027777778 0.120280540017051 1.48173168265682e-05 109.37799835
13045001 45.0033796296296 0.119243322878255 1.48731277526861e-05 107.65200043
13045003 45.0184143518519 0.118272561080827 4.68343554791316e-05 104.05599976
13045005 45.0433101851852 0.11651509517823 1.25996310313768e-05 94.95200348
13045006 45.0693981481481 0.122545532404619 1.79068845428858e-05 89.75000000
13045007 45.096400462963 0.114820906171651 1.28682448047547e-05 87.27400208
13045012 45.1260300925926 0.114240241984607 1.64406998210592e-05 84.79400635
13045029 45.1685532407407 0.112298150007464 1.46897424258623e-05 76.98799896
13045056 45.4773842592593 0.13234424039838 1.13376110407785e-05 165.99800110
13045123 45.8323958333333 0.129496421838479 1.6959177113398e-05 145.88999939
13045133 45.8602893518519 0.127310559422534 1.13891288359078e-05 172.57800293
13045134 45.8778356481481 0.125253253402683 1.1385023722125e-05 160.98599243
13045135 45.8971643518518 0.124471814932734 1.44098008686613e-05 149.92799377
13045138 45.9129050925926 0.123043778595928 1.15147150653234e-05 146.88999939
13045139 45.9309143518518 0.122207972086384 1.93471167449214e-05 100.21856689
13045145 45.9555439814815 0.119705607173242 1.1677688444544e-05 131.27600098
13045146 45.9744212962963 0.120030582642207 3.05303492336733e-05 127.67800140
13045164 45.9979513888889 0.118563546143777 1.18276800499769e-05 124.10800171
13046001 46.0181365740741 0.117778446144333 1.19867859620858e-05 120.89199829
13046002 46.0372800925926 0.117290825442263 4.6412463104281e-05 116.53200531
13046003 46.0480324074074 0.116831828154101 1.31220610832597e-05 115.12799835
13046004 46.0645833333333 0.116080131517864 1.37722745275698e-05 113.20800018
13046008 46.1530439814815 0.129880328163569 2.67206849477138e-05 228.66400146
13046009 46.1569444444444 0.127888656613234 8.99511712696965e-05 158.18142700
13046010 46.1591550925926 0.128297206795735 2.93320173691972e-05 216.71800232
13046011 46.1637615740741 0.127448836534869 1.15731044245336e-05 212.35600281
13046012 46.1791435185185 0.126975290330619 1.03851168936292e-05 188.43598938
13046013 46.1979166666667 0.125809387948692 1.02442831466968e-05 180.51800537
13046014 46.219224537037 0.124555204590033 1.67703611704367e-05 168.52999878
13046015 46.2290162037037 0.123864782573745 1.46061098024275e-05 164.09400940
13046016 46.2416898148148 0.123264466640344 3.2366530346295e-05 114.31571198
13046017 46.2453472222222 0.12273165753955 1.03194008763814e-05 158.97799683
13046022 46.2714699074074 0.120044741806216 2.72326643359228e-05 111.51999664
13046027 46.2865393518519 0.120511210177212 5.04546103197313e-05 104.27143097
13046028 46.2887615740741 0.119834714477553 1.14195973160658e-05 144.14399719
13046029 46.3071064814815 0.119119692448092 1.54928811549015e-05 141.35200500
13046116 46.9579050925926 0.131179325557298 2.09816105049761e-05 138.94999695
13046118 46.9664814814815 0.130568126317742 2.26166196082859e-05 179.75801086
13046119 46.9764699074074 0.129785947548384 2.04220499437682e-05 172.44801331
13046120 46.986087962963 0.129092764238962 1.79987288741063e-05 166.99000549
13046121 46.9947337962963 0.128518707372076 1.73483972324171e-05 162.56401062
13047002 47.0056828703704 0.127772074560655 1.31209037414132e-05 162.73799133
13047003 47.0201157407407 0.126646628106021 1.99022890391084e-05 155.66400146
13047004 47.0278240740741 0.127409600425548 2.09560064818738e-05 121.73799896
13047014 47.1780092592593 0.123484821438199 6.18612786072787e-05 272.82400513
13047018 47.1865972222222 0.125260179133259 3.48934027786759e-05 248.58801270
13047021 47.1928356481482 0.126551790285891 1.7858633855927e-05 169.01000977
13047022 47.1994560185185 0.126435314406571 3.02945468074557e-05 227.35400391
13047023 47.2051041666667 0.125623975384882 1.00316745571392e-05 221.24198914
13047024 47.2230671296296 0.124643555240219 1.97111379673812e-05 206.57000732
13047026 47.2356828703704 0.123590461487735 1.23632134518398e-05 199.31401062
13047027 47.2485763888889 0.122702699002907 1.36917366422547e-05 192.81199646
13047028 47.2760069444444 0.121104149005824 1.49426293985145e-05 180.21800232
13047029 47.2907407407407 0.119649293733967 1.33238921480888e-05 175.19801331
13047030 47.3031134259259 0.119447205015994 1.33775201447322e-05 167.42999268
13047031 47.3157523148148 0.118579867182385 1.27331785084821e-05 162.69000244
13047032 47.3301273148148 0.118036525618614 1.27275195886739e-05 158.39799500
13047033 47.3445138888889 0.117526913102487 3.99027533210387e-05 154.90800476
13047034 47.3470023148148 0.117309145694966 1.28383325042291e-05 154.36399841
13047035 47.3674537037037 0.116423129708942 1.1392179580818e-05 147.98599243
13047036 47.3855671296296 0.115782078003139 1.33415299626375e-05 143.84199524
13047037 47.3993055555556 0.115570439125831 1.18181219232238e-05 141.10000610
13047039 47.4234027777778 0.114398374074604 1.16998750511147e-05 133.42999268
13047040 47.4419097222222 0.113761823582862 1.35429007631547e-05 128.50599670
13047041 47.455462962963 0.113608263629758 5.47263991337656e-05 126.90400696
13047042 47.4574537037037 0.113682810262114 3.97267298846288e-05 126.55400085
13047043 47.4596759259259 0.113517157784817 5.2563183138674e-05 126.04199982
13047044 47.4615625 0.113496322041205 8.63289730106612e-05 126.09799957
13047045 47.4627546296296 0.113512827393056 4.61979493567547e-05 127.02400208
13047046 47.4652662037037 0.120377429155003 7.86543737996492e-05 126.66599274
13047047 47.4669675925926 0.112920699757413 3.39462800392713e-05 125.78400421
13047048 47.4703125 0.113140925237212 4.66612755977616e-05 125.68799591
13047049 47.4724768518519 0.113113134067821 4.1794470140565e-05 124.58599854
13047050 47.4749537037037 0.120585363187557 6.01371765085673e-05 124.37999725
13047051 47.4774305555556 0.113041005174778 3.21948414666114e-05 123.82400513
13047052 47.4805439814815 0.112879292722323 3.09715819622479e-05 124.12200165
13047053 47.4851851851852 0.112827193350515 4.47259826601699e-05 123.64599609
13047054 47.4875 0.1128494380026 2.185769910203e-05 123.44000244
13047055 47.4939351851852 0.112648599505701 3.43007289910275e-05 122.73400116
13047121 47.947037037037 0.126608486328176 4.39110542933516e-05 183.46286011
13047122 47.9509259259259 0.127143482755053 1.12699618175322e-05 219.48132324
13047123 47.9650578703704 0.126652522178144 1.11429484161771e-05 188.28016663
13047124 47.9796759259259 0.12571437078397 1.49497654541863e-05 165.52343750
13047126 47.9904513888889 0.124261130698408 1.00343517066323e-05 151.57554626
13048007 48.0213310185185 0.122497259570478 5.81054121661073e-05 128.69595337
13048009 48.0253009259259 0.121813480688438 1.034384583542e-05 127.11695099
13048010 48.045462962963 0.121032263475676 2.51793380531813e-05 117.03401184
13048011 48.0577430555556 0.119726602820371 1.07236671465905e-05 103.82598114
13048012 48.0761458333333 0.118902612717044 1.07760832870829e-05 100.36811066
13048013 48.0948958333333 0.117758855934263 1.10761303974755e-05 91.22914124
13048014 48.1134259259259 0.117532635332789 1.11017446209233e-05 90.91260529
13048015 48.1330092592593 0.116794215473034 1.12773203853611e-05 84.17036438
13048016 48.1515972222222 0.116016584324588 1.14059445529663e-05 79.46669769
13048017 48.1707986111111 0.115744836360982 2.18571160945647e-05 76.53390503
13048018 48.184212962963 0.114775065782252 1.1839488899993e-05 69.00825500
13048019 48.2026851851852 0.0803143113632274 1.17429308222914e-05 67.73208618
13048022 48.2307638888889 0.10347810536902 2.00625442639433e-05 36.47000122
13048030 48.3642824074074 0.134515630358407 1.11107505080327e-05 263.72598267
13048031 48.3784027777778 0.132994661520022 1.07223790949621e-05 210.52140808
13048032 48.3942361111111 0.132025817391887 2.63751562864113e-05 174.33831787
13048040 48.4162847222222 0.129540096365004 1.03764780373627e-05 150.50765991
13048041 48.4344907407407 0.136992833218236 1.47574410284204e-05 134.55824280
13048042 48.445787037037 0.127206885743418 1.06727849428933e-05 125.64709473
13048043 48.4633680555556 0.126208050762777 1.41229284694256e-05 114.45292664
13048044 48.4745486111111 0.125491471787126 2.8724661196169e-05 109.08151245
13048045 48.4782407407407 0.125237790832147 2.28888689080816e-05 108.74959564
13048046 48.4931597222222 0.124159453544315 6.14130325966236e-05 96.63038635
13048049 48.5048726851852 0.123178375116211 1.14005504271193e-05 95.02551270
13048050 48.522962962963 0.12219327467809 1.15121692408662e-05 90.65010071
13048051 48.5409027777778 0.121019846135354 1.09299720517238e-05 85.57178497
13048052 48.5608680555556 0.120423724984777 1.17998830981619e-05 78.68508148
13048053 48.5789583333333 0.119655451250546 1.18175448806089e-05 77.90901184
13048087 48.7585532407407 0.130625181559308 9.50875303093067e-06 360.09820557
13048088 48.7761458333333 0.129747923640341 9.89247509109588e-06 245.98327637
13048089 48.7936226851852 0.128104771619437 1.00130901094784e-05 200.69477844
13048090 48.8122916666667 0.12679900412707 1.02069678497764e-05 171.83177185
13048091 48.8344675925926 0.125410555223574 1.04147481995339e-05 152.32133484
13048092 48.8530324074074 0.124283345226473 1.08066475407266e-05 137.30459595
13048093 48.8787731481481 0.122839570786255 2.25470204650386e-05 119.23764801
13049004 49.1253356481481 0.118401942205825 1.65841882059611e-05 262.98205566
13049005 49.1318634259259 0.119381205105319 2.42446919412933e-05 215.44721985
13049006 49.1360532407407 0.119387450528519 8.89906208177663e-06 200.18565369
13049007 49.158912037037 0.119178192289689 4.90108148985674e-05 150.61318970
13049017 49.1873726851852 0.118941182315521 2.6139076813313e-05 131.38858032
13049031 49.2659143518519 0.115984052960241 1.15744239056335e-05 82.77916718
13049032 49.2835185185185 0.11596520112822 1.73483035262181e-05 79.46154022
13049035 49.2982523148148 0.115681758593651 1.16572147773983e-05 77.21422577
13049039 49.3423148148148 0.114399540068029 1.19127957725901e-05 68.69824219
13049041 49.3613541666667 0.114013219473405 2.56442198472633e-05 63.94635773
13049042 49.3710300925926 0.113261493078912 1.34642297919021e-05 61.83962631
13049044 49.387037037037 0.112944658376278 1.42733076284604e-05 58.85899734
13049045 49.4041203703704 0.112827099815131 1.26108181287339e-05 56.94299698
13049046 49.4225462962963 0.112392580724226 1.25773934830121e-05 56.95700073
13049047 49.4409953703704 0.112069784750639 1.27241951137066e-05 54.92100143
13049048 49.4596064814815 0.111749655354693 1.38883175380515e-05 54.64899826
13049049 49.4753009259259 0.110408060811404 1.44917172389496e-05 51.85100174
13049050 49.4942361111111 0.110292190135489 3.7860977262673e-05 50.12700272
13049052 49.4990625 0.105792903375631 0.000638206529928036 49.09399796
13049072 49.7058333333333 0.128555705178955 9.15681690512293e-06 394.09631348
13049073 49.7244097222222 0.127948908353083 9.50228279344468e-06 241.61694336
13049078 49.7503472222222 0.125698409990874 2.53162731733313e-05 160.60142517
13049080 49.759537037037 0.124554168502518 9.86363379125621e-06 166.32563782
13049081 49.778599537037 0.123840874639782 1.00979415468083e-05 149.52239990
13049082 49.7975462962963 0.122811511009116 9.59680907909254e-06 133.66732788
13049086 49.8266087962963 0.121578744360326 1.09690904061493e-05 112.87875366
13049087 49.8456712962963 0.120778155245736 1.10656074870519e-05 106.93318939
13049088 49.8636689814815 0.119900850304877 1.12818487297001e-05 98.60247040
13049089 49.8818634259259 0.11932754563066 6.03637838381654e-05 94.82840729
13049093 49.894375 0.119135147918939 1.1187152891608e-05 91.10319519
13049094 49.9144560185185 0.11840964672087 1.13112712276779e-05 86.34493256
13049096 49.9351273148148 0.118147589937285 1.82625441201999e-05 81.85422516
13049098 49.9517824074074 0.117446054149128 1.1633892921982e-05 76.83238220
13049099 49.9705787037037 0.116806521921406 1.19160500647918e-05 72.76434326
13049101 49.9924884259259 0.116201470717182 1.2084362400931e-05 68.43724060
13050001 50.010775462963 0.115613959002268 1.35435051075787e-05 66.94293976
13050006 50.1337962962963 0.128166337535732 8.18998877807957e-06 453.44662476
13050007 50.1603125 0.128509024250482 1.91628381003074e-05 208.49278259
13050009 50.1779166666667 0.127303811016563 1.11509728044735e-05 173.01353455
13050011 50.1969097222222 0.125880025831155 1.00893532327138e-05 150.74295044
13050012 50.2193981481481 0.124771270030068 1.02183749141423e-05 136.32487488
13050015 50.2592939814815 0.122953449489675 3.32515279506837e-05 114.99980927
13050016 50.2625925925926 0.122633356729903 2.67592051981568e-05 112.18183136
13050020 50.2785185185185 0.121722268950755 1.08888555504993e-05 100.06311035
13050022 50.298287037037 0.121123369490328 1.10250242058671e-05 95.44646454
13050023 50.3170138888889 0.120416646357015 1.11628357521155e-05 89.49314880
13050025 50.3370601851852 0.119705415345057 2.05147675910185e-05 84.60553741
13050026 50.3436574074074 0.119415505359034 1.62258384114908e-05 82.27514648
13050027 50.3533449074074 0.119433212154908 2.05375005630287e-05 80.63574219
13050028 50.3604050925926 0.118902500635317 1.43381913912481e-05 80.80103302
13050029 50.3724884259259 0.117701103086909 1.20821738898593e-05 77.49938202
13050031 50.3928009259259 0.117623155546637 2.22117984519505e-05 72.32710266
13050032 50.4052430555556 0.117579112255636 1.18771439644865e-05 69.19876862
13050033 50.4238657407407 0.116970589487617 1.87285973311739e-05 65.55135345
13050036 50.4357060185185 0.116843370698703 1.20847270550874e-05 64.34376526
13050037 50.4546643518518 0.116368780699901 1.94091329652449e-05 62.17920303
13050038 50.4622685185185 0.116117710646515 1.22921556236265e-05 60.48115540
13050039 50.48125 0.1228795552467 1.6902382268743e-05 54.70299911
13050041 50.4948958333333 0.114872847338258 1.46172537475779e-05 51.70600128
13050042 50.5095717592593 0.113859019079921 1.33818214209503e-05 48.50799942
13050043 50.5285763888889 0.112557173984421 1.48329219036043e-05 45.14399719
13050044 50.5450578703704 0.111431087348628 1.75295257230759e-05 43.13100052
13050046 50.5750462962963 0.10901007492957 1.42854165645362e-05 38.44800186
13050047 50.5940740740741 0.109663479602057 1.47855519492626e-05 36.08200073
13050049 50.6138541666667 0.10757892278018 1.4149049605071e-05 33.21500015
13050050 50.6361689814815 0.106603106537841 3.87725139996748e-05 30.68799973
13051006 51.1352662037037 0.125262707109944 8.4930429103983e-06 315.64016724
13051007 51.1566898148148 0.12647515251436 8.87307429201065e-06 197.04080200
13051008 51.1793287037037 0.125896519181739 1.0141403432345e-05 152.04997253
13051009 51.1983101851852 0.125161081901329 1.02800517348251e-05 135.04370117
13051010 51.2171643518518 0.124092181006386 1.03840051025e-05 124.55026245
13051011 51.2360763888889 0.123029485699792 1.05372141541978e-05 113.45101166
13051012 51.2556365740741 0.121879631767815 2.08254023879246e-05 100.73802185
13051015 51.2746643518518 0.12068144040398 1.10841161057636e-05 92.79209900
13051016 51.2930671296296 0.119674930837312 1.11657871278437e-05 88.91152954
13051017 51.3119328703704 0.119155867944753 1.13437806546827e-05 83.77264404
13051019 51.33125 0.118363152376491 1.21342342178935e-05 80.31111145
13051020 51.3477083333333 0.117379945467668 1.14877295125702e-05 77.59233856
13051021 51.3664814814815 0.116832440920569 1.23686331719647e-05 72.12121582
13051022 51.3918171296296 0.116496874486973 1.19878673080041e-05 67.19866943
13051023 51.4100578703704 0.116137936226063 1.18517703471552e-05 68.85703278
13051024 51.4288194444444 0.115777311497154 1.61059498532425e-05 64.72924042
13051026 51.4408680555556 0.115136829325611 1.20834401748866e-05 63.64228439
13051028 51.4611689814815 0.1146774484836 1.61247941759174e-05 60.32624054
13051068 51.5898148148148 0.127397380263906 1.1246336517145e-05 134.19261169
13051069 51.606712962963 0.127661600201829 1.14321080506047e-05 107.85122681
13051070 51.625 0.126943918190155 1.34532865183103e-05 93.18370056
13051071 51.6384490740741 0.125594916375839 1.17082649652399e-05 88.76751709
13051072 51.6563773148148 0.124683375007671 1.18986552971171e-05 81.97206116
13051073 51.6743518518518 0.12374500421414 1.2022339247811e-05 77.62109375
13051074 51.692650462963 0.122453242953837 1.1343586410562e-05 73.67195129
13051080 51.7350810185185 0.128747063746101 9.84697285753171e-05 62.48038483
13051081 51.7364467592593 0.119717795352416 2.19646452145796e-05 60.87668610
13051083 51.7513425925926 0.119266064550456 1.2832223409203e-05 59.08200073
13051084 51.7693171296296 0.127070197035821 1.74728218448791e-05 58.74600220
13051085 51.7821296296296 0.118403832103455 1.27566106378872e-05 58.32600021
13051086 51.8005324074074 0.117805154371769 1.28743191423934e-05 56.22399902
13051087 51.8192592592593 0.117048977468293 1.41820878444606e-05 55.04200363
13051088 51.834849537037 0.116586714454654 1.61164717727665e-05 53.81900024
13051091 51.8538541666667 0.116199958411452 1.32472483361847e-05 51.15399933
13051092 51.8724768518519 0.115803297705849 1.33250124873419e-05 50.21299744
13051093 51.8913425925926 0.115105308797811 1.33106937169616e-05 49.58100128
13051095 51.910775462963 0.114528590707857 3.92587469464506e-05 47.25099945
13051099 51.9731712962963 0.13091581101857 1.0128409821645e-05 184.08531189
13051100 51.9933101851852 0.130042922212532 4.00711010647492e-05 146.89405823
13051102 51.9994444444444 0.129440260484917 6.83842253106454e-05 140.14846802
13052001 52.0016087962963 0.128883340567886 1.05163920513702e-05 140.20175171
13052002 52.0205324074074 0.127446748050763 1.07013470529279e-05 123.79009247
13052003 52.0390856481482 0.126081245141472 1.08829491739545e-05 112.17047882
13052004 52.0579398148148 0.124872145591228 1.10597930535977e-05 105.15812683
13052005 52.0764930555556 0.124348914513316 1.25954577780694e-05 100.71527100
13052009 52.116400462963 0.122156135874143 2.53917756756992e-05 84.81652832
13052010 52.12125 0.121657778034195 1.15958935017604e-05 83.45298767
13052011 52.1401273148148 0.120747875498601 1.1736816836127e-05 80.10156250
13052012 52.158275462963 0.120395973373962 1.18444879191493e-05 77.48586273
13052013 52.1767013888889 0.119273261184881 1.19731610087692e-05 74.02473450
13052014 52.1963773148148 0.118193617809151 1.22420896195099e-05 68.19547272
13052015 52.2150115740741 0.117059922362989 2.75456793445937e-05 66.49881744
13052016 52.225162037037 0.116382070968342 1.41491806890029e-05 59.86100006
13052017 52.2399537037037 0.115255692502954 1.27817356469294e-05 57.03200150
13052018 52.2586574074074 0.112574096348398 1.32033020702852e-05 50.57399750
13052019 52.2772569444444 0.115800646718411 1.35414482095154e-05 49.77200317
13052020 52.2937268518519 0.113030581731298 1.24108571575159e-05 58.91399765
13052021 52.3137384259259 0.109686272420143 1.21996579160595e-05 58.67700195
13052022 52.3382638888889 0.115344769952528 3.72657690641089e-05 56.75200272
13052036 52.5740625 0.127762427413551 1.53936861682171e-05 278.94442749
13052037 52.5827083333333 0.127133849190704 9.84301212144235e-06 248.41874695
13052039 52.6033912037037 0.125835168021157 1.00289300560605e-05 202.30296326
13052042 52.6241087962963 0.124459180044793 1.05326061589156e-05 158.11788940
13052043 52.6420023148148 0.123188951123954 1.06072214469407e-05 145.50126648
13052045 52.6601157407407 0.122350618058576 1.07841506314258e-05 133.16499329
13052046 52.6779050925926 0.121506937761875 1.11085774990698e-05 126.11072540
13052047 52.6963310185185 0.12101845554532 4.37640411100043e-05 114.91175842
13052048 52.6993171296296 0.120518092790053 1.12272445905191e-05 112.08132172
13052050 52.7229861111111 0.119878276548972 1.13687569254952e-05 104.00299835
13052051 52.7421759259259 0.119507624095145 1.13799663693824e-05 102.40844727
13052052 52.7605787037037 0.11851919999439 1.15130951229342e-05 96.46930695
13052053 52.7793055555556 0.118546154967377 1.26184283842519e-05 92.85760498
13052054 52.8065046296296 0.117794616720878 4.41615119103069e-05 86.35801697
13052056 52.8143402777778 0.124436253673972 2.2700983036265e-05 85.38624573
13052061 52.8405787037037 0.117001897485655 1.78556147146693e-05 79.94171906
13052063 52.8559722222222 0.0791541793806113 0.000688765649420829 78.46553802
13052088 52.9961111111111 0.129577375618076 9.54213400890411e-06 320.19262695
13053004 53.0207523148148 0.128029265480158 9.84973123166177e-06 244.54724121
13053005 53.0389583333333 0.127049347237516 1.01977808177233e-05 201.66056824
13053006 53.0571527777778 0.126318779057681 1.02503120494502e-05 184.31221008
13053007 53.0818634259259 0.124494159722395 1.05643548762466e-05 154.19738770
13053010 53.1074768518518 0.124155292897147 1.85741291876146e-05 143.14196777
13053012 53.1203125 0.12330746235997 1.07535606521833e-05 137.61489868
13053013 53.1386805555556 0.122485863914254 1.26615586423652e-05 129.14170837
13053015 53.1575810185185 0.122068729390904 1.1070055960942e-05 120.79118347
13053021 53.1960648148148 0.120707262404073 2.54659227363206e-05 108.92933655
13053023 53.2081944444444 0.119952841471107 1.33947599770796e-05 106.67500305
13053027 53.2665972222222 0.118752633019827 1.19308296081697e-05 87.39974213
13053028 53.2843865740741 0.118364043744533 1.19555875290753e-05 85.14070892
13053029 53.3025115740741 0.112212260197135 1.72729854370766e-05 81.95514679
13054004 54.042349537037 0.137412111070122 1.21628459926149e-05 741.83038330
13054005 54.0564583333333 0.145821127796975 2.10509055369671e-05 499.77676392
13054006 54.0621759259259 0.134703557130794 9.12530196201036e-06 463.39489746
13054007 54.0822453703704 0.132391666046038 9.23204853441026e-06 378.92895508
13054008 54.1009259259259 0.130340066842442 9.3255014941079e-06 325.29299927
13054009 54.119849537037 0.128727573877352 9.54679711279498e-06 268.77835083
13054010 54.1383796296296 0.127167375437282 9.67429409614955e-06 240.56265259
13054011 54.1665972222222 0.125267275014955 9.96539982007741e-06 196.60372925
13054012 54.1853356481481 0.124282172795588 1.0060811831936e-05 182.65261841
13054013 54.2038773148148 0.12321124715445 1.01324266239621e-05 168.71369934
13054014 54.2224074074074 0.122303356668869 1.02808778171631e-05 156.75549316
13054015 54.2413541666667 0.12099713035532 1.03152151322517e-05 148.81346130
13054016 54.2599652777778 0.120481168584908 1.0452291999356e-05 138.86952209
13054017 54.2784375 0.120009038659459 2.9783769133453e-05 130.91700745
13054018 54.2899305555556 0.119692372835564 1.07105877959742e-05 122.17755890
13054019 54.3083564814815 0.118849096319941 1.02528758707576e-05 119.68328094
13054020 54.3305902777778 0.117837779311624 1.44314057278523e-05 110.82597351
13054022 54.3505208333333 0.124916668901629 4.87690017005895e-05 105.87145996
13054023 54.3538078703704 0.116859313714096 2.27867529963657e-05 105.08697510
13054042 54.5213194444444 0.137162082486345 1.02238458637528e-05 248.51751709
13054043 54.5405902777778 0.135600577740476 1.05690568271355e-05 193.89753723
13054044 54.5585185185185 0.133533048942504 1.07063427753908e-05 171.97210693
13054045 54.5784837962963 0.13217186176113 3.84445629426685e-05 150.61201477
13054047 54.5844097222222 0.131816329987442 2.92097808982605e-05 146.88839722
13054050 54.6018287037037 0.139049221392872 2.05292716181157e-05 132.41625977
13054056 54.6159722222222 0.131819348930978 0.000174011523936568 126.90994263
13054057 54.6209490740741 0.140046826250773 0.000491920139723903 121.85328674
13054058 54.6226736111111 0.128577613603532 1.24450375661808e-05 124.42455292
13054060 54.6442824074074 0.12688744200494 1.2028370297695e-05 111.65499115
13054061 54.6619444444444 0.12592882869788 1.21991903527659e-05 104.73914337
13054062 54.6785532407407 0.123975142003818 1.21509444774537e-05 100.95716858
13054063 54.6957407407407 0.122364014439866 1.12776469969413e-05 93.23719788
13054064 54.7180787037037 0.122629632001815 1.14744573605151e-05 89.44550323
13054065 54.7382291666667 0.121733445870545 1.16211478750808e-05 84.68032837
13054066 54.7578356481482 0.121066723675017 1.7463262548235e-05 81.73968506
13054068 54.7763888888889 0.120480188886352 1.18128239177458e-05 77.85690308
13054069 54.7978472222222 0.118846630400511 1.18612833518268e-05 74.62657928
13054070 54.8178587962963 0.11801804090837 1.20292317539847e-05 70.52972412
13054071 54.8383101851852 0.116683547254987 1.3015286465873e-05 67.01004028
13054083 54.943599537037 0.132909953909851 9.43429483891863e-06 401.75823975
13054084 54.9631712962963 0.130871273755918 9.57578225230203e-06 308.26992798
13054085 54.9823611111111 0.128875348197275 9.7091677449611e-06 255.31814575
13055001 55.0017939814815 0.127326055918808 9.56413970377735e-06 217.15266418
13055004 55.0384722222222 0.125133304060404 1.39312197612616e-05 173.78787231
13055006 55.0554166666667 0.123830967786406 1.14277078269833e-05 151.62420654
13055007 55.0713888888889 0.122962678723255 1.15833596247142e-05 141.19432068
13055008 55.0871875 0.122097061002004 1.16120933861052e-05 133.32843018
13055009 55.1033796296296 0.12129607084218 1.15996793570417e-05 127.06050110
13055010 55.1195023148148 0.120849199917636 1.17384443536412e-05 118.87779999
13055011 55.1361574074074 0.120073204995401 1.18694219095801e-05 111.20101166
13055014 55.1678125 0.119034594825206 3.10083491061589e-05 100.81009674
13055015 55.1768865740741 0.118478025973193 1.34539851277935e-05 96.35555267
13055016 55.1920601851852 0.117951236987999 1.23847338325012e-05 92.98677826
13055017 55.2088194444444 0.11740212059834 1.25105243958354e-05 87.22513580
13055018 55.2256018518518 0.117044846809005 1.26739167450041e-05 83.10948181
13055019 55.2418981481481 0.116325277505551 1.26973556732692e-05 80.66860962
13055020 55.2584259259259 0.115907800209399 1.27946285250886e-05 77.48753357
13055021 55.2746875 0.115648114258465 1.28763923224364e-05 75.05553436
13055022 55.2911342592593 0.114596098441878 1.29315545281328e-05 72.40496826
13055023 55.3075462962963 0.114565097177879 3.09921955313984e-05 71.46490479
13055024 55.3117708333333 0.114655613904498 3.19308386290167e-05 69.57241058
13055034 55.409837962963 0.138593622603581 1.15924516212556e-05 201.90278625
13055035 55.4258101851852 0.137365199334877 1.11514885580724e-05 146.49070740
13055036 55.4448842592593 0.135772425023588 1.17335267118945e-05 116.78955078
13055037 55.4638888888889 0.13473275538418 1.22288787894161e-05 97.18654633
13055038 55.4823263888889 0.13322676031469 1.25805547393966e-05 83.43492889
13055039 55.5007407407407 0.131889326610009 2.16153832659119e-05 75.81123352
13055068 55.639375 0.132589490667953 9.84753984423355e-06 272.18835449
13055069 55.6577777777778 0.131464399860213 9.99837752539656e-06 239.33749390
13055070 55.676099537037 0.130506807870415 2.29379793883885e-05 210.47105408
13055071 55.6845717592593 0.128936924852938 1.01224764037567e-05 200.00547791
13055072 55.7048032407407 0.127787736421172 4.29174282977196e-05 172.20027161
13055073 55.7104282407407 0.126727737450963 1.03671012672941e-05 167.30015564
13055075 55.7422453703704 0.125411192524157 1.05099381746311e-05 149.99066162
13055076 55.7613310185185 0.124429130792432 1.26193620627232e-05 149.46517944
13055080 55.8021527777778 0.121510302923829 1.08198956150098e-05 125.99928284
13055081 55.8220486111111 0.120691365879152 1.10024755459036e-05 117.47762299
13055082 55.8419907407407 0.119778522855874 1.67828521390405e-05 111.04360199
13055086 55.8700925925926 0.117812202895804 3.09037116228858e-05 94.70665741
13055087 55.8815509259259 0.117458315563607 1.12702346703516e-05 93.50281525
13055088 55.9010185185185 0.117043185266104 1.1367735697734e-05 90.62207794
13055089 55.920625 0.116482987974578 1.05007272752189e-05 91.28780365
13055090 55.9434837962963 0.120866197075401 1.90622961206743e-05 88.28488922
13056004 56.033275462963 0.128379358041719 2.49738900062638e-05 246.39601135
13056005 56.0721759259259 0.128257301674567 1.22624727922246e-05 132.19416809
13056007 56.0906018518519 0.128050136649194 1.66640473430965e-05 111.89354706
13056008 56.1018055555556 0.127671474795413 1.42370456234614e-05 103.79283142
13056011 56.1215509259259 0.126519337082494 1.22710953841163e-05 90.08818817
13056012 56.1398611111111 0.125994227330265 2.06915461756859e-05 81.40785980
13056017 56.2135069444444 0.136284924649911 1.00016485881048e-05 345.88760376
13056020 56.2377199074074 0.135609980330167 1.0757024128195e-05 182.43685913
13056021 56.2564583333333 0.134250499781377 1.14286359944224e-05 135.90299988
13056022 56.2753935185185 0.133110320751007 1.18784306260098e-05 111.95693970
13056023 56.2933680555556 0.132821495630655 1.22299735351798e-05 99.03942871
13056024 56.3116319444444 0.131771353053073 1.25983237020767e-05 87.47920227
13056025 56.3297916666667 0.131106311535449 2.88782737005879e-05 77.74031067
13056026 56.3379282407407 0.130892316308342 2.46601564454126e-05 74.28218842
13056027 56.3461805555556 0.130523922738765 1.31309225388526e-05 72.99916840
13056028 56.3652430555556 0.129511729428552 1.36233530448599e-05 64.28666687
13056029 56.3840856481482 0.12833125886183 1.38023858617861e-05 60.58666611
13056030 56.4025115740741 0.127963132245687 1.40511221898097e-05 57.51666641
13056031 56.4210532407407 0.126925787890544 1.42445340664191e-05 54.58222198
13056032 56.4400925925926 0.126466406195179 3.29996342056419e-05 51.34666824
13056033 56.4452083333333 0.12628965244767 1.45122180901776e-05 51.11000061
13056034 56.464525462963 0.125203137125262 5.46489535699997e-05 48.49111176
13056035 56.4745486111111 0.12546658590671 1.50728593422734e-05 45.18444443
13056037 56.4950231481481 0.124767822991611 1.53323324049436e-05 42.75333405
13056038 56.5140162037037 0.124334437453207 1.54335387187408e-05 41.25000000
13056039 56.533912037037 0.123926944988991 1.74330364974736e-05 39.15444183
13057005 57.0772106481481 0.130829259854731 9.51841360637559e-06 372.31109619
13057006 57.0954050925926 0.131248574650197 1.11577802140385e-05 273.26773071
13057007 57.1107175925926 0.1296875721832 9.64666721103622e-06 244.53016663
13057008 57.1301967592593 0.12778141288783 9.72541445652814e-06 208.41246033
13057009 57.149537037037 0.127089418901542 9.86096520499797e-06 187.51423645
13057010 57.168912037037 0.125720379410528 9.99320691887965e-06 175.98875427
13057011 57.1880208333333 0.124817170648862 2.23244470251462e-05 161.46565247
13057014 57.2029282407407 0.123466484419818 1.02863408528332e-05 140.67300415
13057015 57.2221180555556 0.122930584014834 1.03495600610967e-05 131.73686218
13057016 57.2485185185185 0.121719298887495 1.0443647412497e-05 126.18146515
13057017 57.2680787037037 0.120791180941292 1.0404182961021e-05 126.18146515
13057018 57.288912037037 0.120075396227698 1.03021289993057e-05 126.18146515
13057019 57.3103472222222 0.11941183425708 1.43248906577841e-05 126.18146515
13057021 57.3260532407407 0.118800499625879 1.02169523962504e-05 126.18146515
13057022 57.3479513888889 0.118224066684625 1.01656561486432e-05 126.18146515
13057023 57.3709027777778 0.117325383805054 1.01022273654689e-05 126.18146515
13057024 57.3959953703704 0.116480121790094 1.00701397589335e-05 126.18146515
13057025 57.4198611111111 0.116073924260679 9.98237867002954e-06 126.18146515
13057026 57.444375 0.115134985655914 9.92064344775548e-06 126.18146515
13057027 57.4718865740741 0.115065384024172 1.93302518748637e-05 126.18146515
13057038 57.671087962963 0.150930379385446 0.000424909980892447 126.18146515
13057039 57.6739930555556 0.151445924850956 0.000356003648410188 126.18146515
13057042 57.6781481481482 0.131841566971247 1.04998775603252e-05 190.87673950
13057044 57.714837962963 0.129077529942379 1.04018129182874e-05 159.31033325
13057045 57.7340162037037 0.127619947459181 1.04781401005688e-05 149.26261902
13057046 57.7531597222222 0.125830826339537 1.05738490433186e-05 139.15951538
13057047 57.7724537037037 0.125117875269498 1.2365789058529e-05 131.92698669
13057048 57.7901157407407 0.124122709899136 1.23202897031229e-05 120.35573578
13057049 57.8069444444444 0.123110679303585 1.08334540039328e-05 115.66257477
13057050 57.8271875 0.122539499416479 1.09461774587765e-05 109.41094971
13057051 57.8466319444444 0.121310416545627 1.10205096174016e-05 104.48867798
13057052 57.8663773148148 0.120792749020312 1.10784758211441e-05 99.34923553
13057053 57.8856944444444 0.119887629427845 1.06319301351303e-05 95.53460693
13057055 57.9127893518518 0.118979053035785 1.14173588210568e-05 87.30447388
13057056 57.9328703703704 0.118549618209229 1.15420714949072e-05 84.27008820
13057057 57.9527199074074 0.118172732568242 1.1600407639264e-05 81.06577301
13057058 57.9720138888889 0.117750232021651 1.66688475973941e-05 78.53154755
13058002 58.01125 0.116577496572699 1.20420346513585e-05 70.06945801
13058003 58.0302777777778 0.110362236230765 1.1556915530512e-05 68.12685394
13058008 58.228125 0.135355935149299 8.95332469511913e-06 482.79583740
13058013 58.281712962963 0.13060159186195 9.08578012757891e-06 307.99230957
13058014 58.3034837962963 0.128731706172436 9.19830521187537e-06 262.13729858
13058015 58.3233564814815 0.12733031101773 1.37550727353784e-05 237.18357849
13058016 58.3376041666667 0.126537068597778 9.3580597057098e-06 212.79771423
13058017 58.3576388888889 0.125489273301737 9.42829277198549e-06 194.14602661
13058018 58.377974537037 0.124157102289524 9.48979627489061e-06 182.48477173
13058019 58.3988310185185 0.123177125716702 9.53015635403974e-06 170.78436279
13058020 58.4198611111111 0.122416004497151 9.60604949283854e-06 159.21405029
13058022 58.4424652777778 0.0595468894570685 8.42755740144244e-05 63.36947250
13058023 58.4453009259259 0.121091029491725 1.11236251179205e-05 126.53569031
13058025 58.4660300925926 0.12046217382072 1.00034262774939e-05 117.18135834
13058026 58.486724537037 0.120090151111469 1.01871887402616e-05 109.32720184
13058028 58.5086921296296 0.119098535053883 1.02032841307371e-05 104.13871765
13058029 58.5288888888889 0.118722577907889 1.02783490867816e-05 100.40263367
13058030 58.5492939814815 0.118388133270345 5.80285535323379e-05 95.65109253
13058031 58.5507175925926 0.118264768760471 1.03282825027771e-05 95.22550201
13058032 58.5715393518518 0.113212265403166 1.44119152760227e-05 90.65030670
13058047 58.9937962962963 0.110788717685678 0.00036586632467228 258.02746582
13058048 58.9955555555556 0.133296338491827 0.000338999200093168 239.71688843
13059003 59.0320601851852 0.125448437668499 4.69826940518584e-05 153.17143250
13059004 59.0350810185185 0.133681531074571 2.31027706425899e-05 150.83563232
13059005 59.0435648148148 0.125990778448305 1.08540972709338e-05 141.61726379
13059006 59.0605092592593 0.125118955271057 1.08275003101275e-05 129.91584778
13059007 59.078599537037 0.123993563514379 1.09269603143345e-05 119.57556915
13059008 59.0961342592593 0.123400686053697 1.24155490289256e-05 112.59979248
13059009 59.1135416666667 0.12200126058307 1.1087415992188e-05 101.50759125
13059010 59.1316666666667 0.121238414650639 1.10514092184871e-05 95.57320404
13059011 59.1509259259259 0.120994603126707 1.10363351495917e-05 92.66027069
13059012 59.1702430555556 0.120536006611246 1.11352683916139e-05 87.18997955
13059013 59.1889814814815 0.119470347296471 1.10785386509804e-05 85.29981995
13059014 59.2081597222222 0.119049595382171 1.122471659224e-05 81.32259369
13059015 59.2272916666667 0.118520180503691 1.60790784321087e-05 76.94375610
13059016 59.2407986111111 0.118132561646425 1.14257625625384e-05 74.89562988
13059017 59.2599189814815 0.117680421873563 1.15140504361307e-05 72.03330231
13059018 59.2796990740741 0.117209555995399 1.16538445901543e-05 68.43541718
13059019 59.2992824074074 0.11722838955581 4.7378311792881e-05 66.62807465
13059020 59.3017361111111 0.116902452507031 1.16843274183424e-05 65.47847748
13059021 59.3209837962963 0.116720224138124 1.172177390665e-05 63.80373764
13059022 59.3400694444444 0.116435018251849 1.18478362845758e-05 61.16353989
13059023 59.3597569444444 0.116004358422448 3.15682048299125e-05 59.53338242
13059025 59.3686226851852 0.115949424656983 1.20969198588052e-05 57.38173294
13059026 59.3878703703704 0.115460365747429 1.21198288096792e-05 56.81634521
13059027 59.4073611111111 0.103050305571666 1.79345026157369e-05 55.96538544
13059035 59.4855902777778 0.129987145310131 2.06319510938186e-05 294.35842896
13059036 59.4904513888889 0.130022747695156 6.87368376784396e-05 268.81176758
13059037 59.4918402777778 0.128828379660324 9.00007530398651e-06 267.25723267
13059038 59.5114699074074 0.127362955063919 9.01786576508186e-06 233.19859314
13059039 59.532037037037 0.12274364413375 2.36790203058678e-05 196.68495178
13059076 59.7579050925926 0.131093840523439 9.63331461264857e-06 241.76435852
13059077 59.7780787037037 0.130320338898157 8.42465368592494e-06 193.37588501
13059078 59.8059259259259 0.12826387706121 8.44396104145872e-06 168.41647339
13059079 59.8325578703704 0.126178976367815 9.8708704845814e-06 149.61225891
13059080 59.8527314814815 0.125022491079898 1.16227537163476e-05 135.07467651
13059082 59.8722453703704 0.123975112166823 8.88812435396254e-06 120.05441284
13059083 59.8982523148148 0.122085624476601 8.94951922542211e-06 111.19498444
13059084 59.924525462963 0.121535907659071 2.69273969082385e-05 103.10003662
13059085 59.92875 0.120839894481665 9.05635721354122e-06 102.14614105
13059086 59.9544444444444 0.119217358623782 9.54411949044764e-06 95.32830048
13059087 59.9783101851852 0.118032147946141 1.30652055383273e-05 91.53292847
13060001 60.009212962963 0.119129331661969 9.62977275155512e-06 79.82963562
13060002 60.034375 0.118000508249031 9.71041930140623e-06 75.68444061
13060003 60.0592939814815 0.117576752198807 1.47030952341307e-05 72.91279602
13060007 60.2014814814815 0.132330886524747 1.5721047082586e-05 150.02429199
13060008 60.2115856481481 0.131555097715933 1.06078057156119e-05 139.65133667
13060009 60.2294212962963 0.130124638547904 1.05892594813987e-05 131.80464172
13060010 60.2478703703704 0.128719161432006 4.3468673600791e-05 118.03117371
13060011 60.2507407407407 0.128408769054797 1.04295924261612e-05 115.33316803
13060012 60.2712384259259 0.124951754289791 1.15788048311791e-05 109.32872772
13061024 61.478275462963 0.131795384983113 9.92804326675844e-06 156.50782776
13061025 61.4978819444444 0.129831015766912 1.12062434168943e-05 138.32955933
13061026 61.5141203703704 0.131878129852504 5.11843263165112e-05 128.70268250
13061029 61.5194675925926 0.127418986425972 1.02115190227637e-05 126.36411285
13061030 61.5389930555556 0.125941591236394 1.04156541320631e-05 112.96030426
13061031 61.5601388888889 0.123635009534337 1.04562069537777e-05 106.90515137
13061035 61.5880555555556 0.12175527757551 1.39521008602045e-05 98.55915833
13061053 61.8153703703704 0.131987289327809 8.95590905592981e-06 188.24597168
13061054 61.8375925925926 0.127452435759877 8.34363121040067e-06 162.42478943
13061055 61.8641203703704 0.124289682232853 8.41841327869703e-06 140.24114990
13061056 61.892650462963 0.121013817316688 9.70714020753601e-06 124.89060974
13061059 61.917650462963 0.115278810352735 9.18820060995696e-06 115.47692871
13061060 61.9392708333333 0.115409855229485 8.56008005079308e-06 108.45419312
13061061 61.9837731481481 0.120203130783074 9.74930272116919e-06 77.03803253
13062001 62.0091435185185 0.119013602306184 1.10346761206066e-05 79.72080994
13062002 62.0290277777778 0.118042275582792 1.6107690995343e-05 75.71261597
13062004 62.0473032407407 0.116645406733039 1.12176001504184e-05 72.19208527
13062005 62.0665740740741 0.116001344777267 1.12668408218173e-05 70.42845917
13062006 62.0861111111111 0.116348044212471 1.15473103694067e-05 65.11053467
13062007 62.1053356481481 0.109667641363698 1.10350709270826e-05 62.72862244
13062013 62.3057407407407 0.129907766923149 9.46354508139953e-06 203.96942139
13062014 62.3252893518519 0.128850880659571 4.50587934120112e-05 181.67301941
13062025 62.3902893518519 0.13424018924018 8.68700399056622e-06 402.04208374
13062026 62.4101041666667 0.132739220032859 8.53779802846328e-06 267.20117188
13062027 62.4324189814815 0.130667416720496 9.73770016771985e-06 212.40165710
13062028 62.4516550925926 0.128763558398312 9.44394502081153e-06 185.87257385
13062029 62.4721412037037 0.126493593804536 9.36735464546389e-06 166.74478149
13062031 62.4934953703704 0.129211188150662 1.29422130000854e-05 151.77127075
13062045 62.5428819444444 0.122874796021013 1.74135302713177e-05 121.46273041
13062046 62.5513310185185 0.122490798080989 1.42934617314149e-05 119.49764252
13062049 62.5809375 0.121114074052715 1.05271689306316e-05 110.30853271
13062050 62.6003125 0.120115694802916 1.06070410135913e-05 103.86470795
13062052 62.6238773148148 0.122376464479001 2.36514712510519e-05 98.86126709
13062059 62.6526388888889 0.117993514834871 9.85135833559623e-06 91.91693878
13062060 62.6751851851852 0.117843559046014 2.30516644291147e-05 87.23857880
13062061 62.6795601851852 0.117583322977726 1.31791565032808e-05 86.89533997
13062062 62.6929282407407 0.116886569830112 9.6680278147439e-06 83.86002350
13062063 62.7174074074074 0.114731357321011 1.00829515572767e-05 79.67420959
13063006 63.1131597222222 0.124957017321406 2.47123890419311e-05 88.16258240
13063009 63.1271412037037 0.133282262896884 1.00696209827786e-05 193.10473633
13063010 63.1456712962963 0.131409533080138 1.02112906665269e-05 170.46804810
13063011 63.1639699074074 0.129937151391859 1.02555980408594e-05 155.17002869
13063012 63.182337962963 0.128829314481101 2.23816956964967e-05 143.63874817
13063020 63.2075925925926 0.126804268840407 2.87996420601649e-05 129.86300659
13063022 63.2152777777778 0.125977563157074 1.05167728934552e-05 126.06015778
13063023 63.2338425925926 0.124848752916441 1.06047795781231e-05 118.02629089
13063030 63.2764930555556 0.122481099790803 1.07136209328476e-05 107.27760315
13063031 63.2958796296296 0.121425185338894 1.08272170871001e-05 101.19821167
13063032 63.3136226851852 0.120468399844508 1.09812104154266e-05 96.22055817
13063033 63.3317708333333 0.120598419697914 6.9836309533776e-05 91.47680664
13063034 63.3362268518519 0.122187908803467 9.77844311744557e-06 91.31246948
13063035 63.360625 0.120799636889976 9.9285805072117e-06 86.12396240
13063036 63.384224537037 0.116793127387716 8.85495127101744e-06 80.97511292
13063051 63.5432175925926 0.140505609767177 1.03211355896556e-05 222.09994507
13063053 63.5670138888889 0.138071759145672 9.55502959384396e-06 141.81045532
13063054 63.5904050925926 0.136118476413715 1.01589182725519e-05 109.39012909
13063059 63.7352662037037 0.133205541956336 9.15516266048565e-06 351.92776489
13063061 63.7641898148148 0.131282208721183 8.86211455928272e-06 158.11903381
13063062 63.7898842592593 0.129637723221516 9.05393945254743e-06 119.61675262
13063063 63.8158680555556 0.128941643739225 2.01029606405041e-05 101.83280945
13063065 63.8286111111111 0.131298339795098 1.35378906287524e-05 96.55883789
13063067 63.8533217592593 0.129997556095192 1.38515837850459e-05 86.13131714
13063068 63.8687152777778 0.125636304153045 9.94679909310826e-06 82.33023071
13063071 63.8998148148148 0.12793988505699 1.92767781845609e-05 73.94131470
13063072 63.9099189814815 0.123888507373877 1.25912199593821e-05 72.14571381
13063073 63.9272569444444 0.122719382136751 1.02125978325525e-05 68.55661011
13063074 63.9530787037037 0.121876342485145 1.14760701417534e-05 65.23378754
13063076 63.9765740740741 0.120941923573905 9.90722584342083e-06 62.03280640
13064001 64.0045833333333 0.120144174313539 1.18077736104396e-05 58.09807968
13064002 64.025162037037 0.119096013011408 9.61078171026408e-06 56.35647202
13064003 64.0565509259259 0.118396594705451 1.26380538862293e-05 53.41181564
13064004 64.0752662037037 0.118035064924209 1.27818292257792e-05 51.70636368
13064005 64.0948611111111 0.118001937353841 2.04943267350758e-05 50.93454361
13064006 64.1056944444444 0.117538809606906 3.30061483717106e-05 50.16636276
13064012 64.2054050925926 0.137561152414791 1.34697903978101e-05 317.77529907
13064014 64.2214583333333 0.138610522702657 1.00007079549865e-05 213.55982971
13064020 64.2631944444444 0.130693975436419 1.04282317270901e-05 132.81993103
13064021 64.2822800925926 0.129117787058692 1.05781463938174e-05 121.22601318
13064022 64.3005671296296 0.127574962850065 1.123595627707e-05 108.62358856
13064023 64.3190972222222 0.126728471525608 1.10359113554978e-05 99.20575714
13064024 64.3378009259259 0.125528416152032 9.04480652086597e-06 92.57571411
13064025 64.3648611111111 0.12683108978768 1.00445198626883e-05 84.50774384
13064026 64.3890046296296 0.123010670386546 1.21804051364152e-05 79.13895416
13064028 64.4306134259259 0.121159051801793 1.15854190654619e-05 70.74456787
13064029 64.4503009259259 0.122661996229971 9.66718177810354e-06 67.45160675
13064030 64.4785532407407 0.121196769972949 0.000120962919181959 63.76845551
13064031 64.4792824074074 0.119107484397538 1.00845576307739e-05 63.61063385
13064032 64.5052662037037 0.118466406149292 1.26312641699588e-05 60.79127121
13064052 64.6147916666667 0.143250148288682 3.11781900537831e-05 173.00053406
13064055 64.624537037037 0.140879057479461 8.56173984883954e-06 143.01852417
13064056 64.6543055555556 0.134266730385287 1.0098818403759e-05 109.24231720
13064057 64.6756597222222 0.131903225584578 1.03269152497662e-05 98.86333466
13064059 64.7300231481481 0.128190085586855 2.32039522926114e-05 79.19390106
13064061 64.7390277777778 0.127238476000582 1.44771651308324e-05 76.45492554
13064064 64.7561921296296 0.126169112129701 9.53164097835507e-06 72.20487213
13064065 64.7844444444444 0.124855512074463 9.0092859369473e-06 66.69539642
13064066 64.8165740740741 0.123688111494118 1.13688435817382e-05 61.13736725
13064067 64.8398842592593 0.123077196530755 4.72786454635828e-05 57.55015945
13064068 64.8436226851852 0.122820943011318 1.35034932330433e-05 56.59257889
13064070 64.8635185185185 0.122097225789494 1.031941489129e-05 53.57090759
13064074 64.8950462962963 0.121014371105154 1.09207229572777e-05 51.36363602
13064075 64.9209027777778 0.117563513215027 9.5781881958621e-06 49.28636551
13065005 65.0997106481481 0.140662241851262 9.35887887485358e-06 250.82373047
13065006 65.119537037037 0.13836102897066 9.91389581197623e-06 173.05247498
13065007 65.1397453703704 0.13631222467694 1.03245625593969e-05 140.36413574
13065008 65.1585300925926 0.134287930933001 1.05907011650481e-05 122.52091217
13065009 65.1786111111111 0.132488107646489 1.07544331963891e-05 110.01531982
13065013 65.2147916666667 0.130157500712817 3.28371712561478e-05 94.59066772
13065014 65.2229513888889 0.129538746734669 1.12059420212942e-05 90.48303986
13065015 65.2426041666667 0.128337425803674 1.1332200009023e-05 85.73675537
13065016 65.2620717592593 0.127008597743161 1.1369391151461e-05 81.11505890
13065017 65.2817708333333 0.125776385446971 1.15683128646423e-05 76.03981018
13065018 65.3012152777778 0.127382579050167 1.1927843188312e-05 72.83226776
13065019 65.3200231481481 0.123715961460998 1.05832363891763e-05 69.55791473
13065020 65.3442361111111 0.124720935767039 1.11179740131525e-05 66.17012787
13065021 65.366412037037 0.124026111566371 1.12649748746681e-05 63.19110107
13065022 65.388275462963 0.12077890077942 1.46189992543338e-05 60.72900009
13065046 65.6676851851852 0.138503028840019 7.73010063355511e-06 230.83273315
13065047 65.6980555555556 0.136266614010628 1.01204512856626e-05 145.91978455
13065048 65.7183564814815 0.134330644542041 9.15986799947674e-06 125.44403076
13065049 65.7431944444444 0.132475223536888 9.37417784545088e-06 107.10572052
13065050 65.7678472222222 0.130778290926532 9.52400880007941e-06 93.46504211
13065051 65.8024884259259 0.128008688238847 1.90904057877139e-05 79.33310699
13065052 65.8197337962963 0.12716713258214 1.15631709610905e-05 74.72113800
13065053 65.8395601851852 0.126742600561155 1.05546615935926e-05 68.73072815
13065055 65.8727199074074 0.128203972422684 1.20088844450849e-05 61.76052856
13065056 65.8933217592593 0.124949727590999 1.0637138178069e-05 58.65076447
13065058 65.9215740740741 0.124056176652909 1.27795057466393e-05 54.11000061
13065059 65.9405324074074 0.123507292527212 1.25354943478347e-05 52.29000092
13065060 65.9608217592592 0.122556581064231 1.03566635284831e-05 50.56090927
13066021 66.1260416666667 0.132604816679569 1.22420892272954e-05 77.76162720
13066022 66.1446643518519 0.131493640490699 1.24970549053991e-05 70.82336426
13066023 66.1630324074074 0.129917504291942 1.27636488545057e-05 64.79204559
13066024 66.1809490740741 0.129159766315143 1.30504851394139e-05 60.53538513
13066025 66.2012384259259 0.128086381701412 1.31636426168965e-05 56.88758469
13066026 66.2199768518519 0.126936721381652 1.33338151486071e-05 53.43454361
13066027 66.2380671296296 0.125918325387725 1.33972824160639e-05 51.78272629
13066028 66.2565856481481 0.125063879801 1.35432807261613e-05 49.95182037
13066029 66.2756018518518 0.124419506649496 1.3697083166128e-05 48.04182053
13066030 66.2945949074074 0.123710677324526 1.37599626210161e-05 46.47545242
13066031 66.3135185185185 0.123083230522144 1.38361146334214e-05 45.20363617
13066033 66.3335532407407 0.122258573973538 1.38018622921615e-05 44.44454575
13066034 66.3529050925926 0.123843330610172 1.37700629836493e-05 43.15272522
13066035 66.3726736111111 0.120874578662606 1.32778112530596e-05 41.81909180
13066036 66.3941550925926 0.120363421147796 2.27481291739803e-05 41.16091156
13066100 66.7947569444444 0.117339616608261 0.000134169467399773 74.55057526
13066101 66.796712962963 0.120923495655414 1.54721608759694e-05 73.25981903
13066102 66.807662037037 0.119748742627335 1.42698227856604e-05 69.35897827
13066104 66.8199074074074 0.120729948192954 1.30427859496555e-05 66.18362427
13066105 66.8372106481481 0.123560961157638 4.80443312255962e-05 63.89871979
13066109 66.857962962963 0.121587609996986 8.73436282777594e-06 56.71425247
13066110 66.8921643518518 0.12140992871102 8.32248597171041e-06 53.55818176
13067001 67.0007523148148 0.137319681601752 8.72575197601098e-06 445.17172241
13067002 67.0213310185185 0.134852829110297 8.37076351264438e-06 264.00338745
13067003 67.0436111111111 0.133039231290851 8.85244854799836e-06 195.08963013
13067004 67.0656365740741 0.1306801483257 9.09334665689104e-06 161.61396790
13067005 67.086712962963 0.129114314636521 1.07731294322184e-05 142.08619690
13067006 67.1046759259259 0.127971701294371 1.24174211668719e-05 129.06948853
13067007 67.1255324074074 0.126251884694287 9.75740239938813e-06 115.45534515
13067008 67.1459143518519 0.124769962417145 9.95363098466918e-06 106.49174500
13067009 67.1665509259259 0.123934711554452 1.01059467558211e-05 100.98677826
13067010 67.186400462963 0.122660168434302 1.01869267208925e-05 94.87192535
13067011 67.2063078703704 0.121895535706419 1.02905613335935e-05 88.87939453
13067012 67.2266666666667 0.121031626990083 1.23937360304686e-05 85.00122833
13067013 67.2444328703704 0.12030892814927 1.07298638138137e-05 81.14658356
13067014 67.2643055555556 0.11982056122031 1.13373035511725e-05 78.83902740
13067015 67.2823032407407 0.119127393756429 1.13984595902032e-05 75.06149292
13067017 67.3016319444445 0.118433698737971 1.62606752363087e-05 71.83452606
13068017 68.0834375 0.139285931730687 9.91226467129833e-06 152.98925781
13068022 68.115162037037 0.135970214152778 1.21594707767755e-05 124.34223938
13068023 68.1311226851852 0.134184213779577 1.43640209852451e-05 116.21765900
13068027 68.2084375 0.119997322935038 9.47054189820532e-06 81.24468994
13068028 68.2340393518518 0.120290708483916 2.34228013542839e-05 74.63253784
13068029 68.2588657407407 0.119741932987188 1.09607282125773e-05 70.23867798
13068034 68.3090162037037 0.118487783660843 1.11909522684872e-05 63.81088257
13068036 68.3314699074074 0.117752102529537 9.54674187209948e-06 61.07770157
13068037 68.3587152777778 0.117046223374307 1.02158690382541e-05 58.33059692
13068057 68.5772453703704 0.13948962509995 8.71187029961904e-06 440.02182007
13068058 68.5967361111111 0.136756357602346 8.54473394088692e-06 310.72412109
13068059 68.6174189814815 0.133906930601911 8.51431262936498e-06 251.79617310
13068060 68.6395138888889 0.132365181851863 9.01444466162655e-06 209.48956299
13068084 68.8781712962963 0.141466354843902 2.52528181961441e-05 317.21704102
13068085 68.8810532407407 0.14041242250101 9.38948623452203e-06 297.44073486
13068086 68.8993287037037 0.137672471917924 9.54751571376447e-06 231.56726074
13068087 68.9182986111111 0.135498572013564 8.75817545145709e-06 193.19367981
13068088 68.9410416666667 0.132304898817344 8.46180215915169e-06 164.09176636
13068090 68.9684606481481 0.129188102251074 7.87322819096937e-06 140.94252014
13069001 69.0017592592593 0.126574244535916 6.60572048717043e-06 121.66959381
13069002 69.0464351851852 0.124742310441858 1.00655985781541e-05 106.95636749
13069003 69.0671527777778 0.122786953948923 1.31978445441349e-05 100.49150085
13069004 69.0829166666667 0.121531345561287 9.74124029031214e-06 94.34790039
13069005 69.1054976851852 0.120880567411159 1.09560914444361e-05 88.81333923
13069006 69.1283101851852 0.119738974906302 1.08814303567573e-05 83.63187408
13069007 69.1473958333333 0.118799374905052 1.06818987584624e-05 79.83827209
13069008 69.1684143518519 0.118270919500786 1.11817835181216e-05 75.99324799
13069013 69.2701851851852 0.138107004947877 8.75596751983333e-06 330.78182983
13069014 69.2903935185185 0.134384445922225 8.45659714402694e-06 249.69311523
13069016 69.3187384259259 0.131232816446633 9.22566098401461e-06 194.78987122
13069017 69.3382291666667 0.12878821899966 9.13788907196224e-06 169.91882324
13069018 69.3592013888889 0.127310141586428 9.44537392299952e-06 152.83479309
13069020 69.3820486111111 0.125984621398396 2.0981693423692e-05 135.85876465
13069021 69.3905439814815 0.124716618748217 9.15137885422681e-06 129.61770630
13069022 69.4124537037037 0.123133247649596 9.13469135644574e-06 120.96968842
13069023 69.4364467592593 0.121885875397426 9.34279466836114e-06 112.84539032
13069024 69.4585185185185 0.120894968737735 1.53717811263536e-05 104.75473022
13069026 69.4725462962963 0.120069784502595 1.03131480088281e-05 101.31890869
13069027 69.4919675925926 0.119118152000093 1.27987356074648e-05 96.93072510
13069029 69.5214583333333 0.118376829077492 3.94742640468774e-05 88.67193604
13069030 69.5234837962963 0.118074018991255 9.73437623451511e-06 88.14009094
13069031 69.5459606481482 0.117461422855761 2.50423130386975e-05 81.11505890
13069035 69.5540393518519 0.117047933016782 1.02051997002592e-05 79.14925385
13069036 69.5751388888889 0.116694035300756 1.42637994763565e-05 74.92652893
13069066 69.7859259259259 0.134927912761805 7.741221565463e-06 329.38778687
13069067 69.8110300925926 0.132266816972293 7.49578996350719e-06 267.67083740
13069068 69.8385416666667 0.129891336539423 8.16819138517663e-06 219.51330566
13069069 69.8627199074074 0.12866048185797 1.50034694976025e-05 190.68557739
13069071 69.884212962963 0.126999896447408 1.84342096237151e-05 160.84428406
13069073 69.8946412037037 0.125796037894489 7.88281369598074e-06 159.67813110
13069074 69.9225 0.124396109600755 7.28804818581882e-05 143.06935120
13070006 70.3053587962963 0.135794707872608 1.37997686834218e-05 298.81066895
13070008 70.315775462963 0.133537511165945 7.65565387785973e-06 275.09368896
13070010 70.3440393518519 0.13052337244055 7.42104188481167e-06 230.79556274
13070011 70.3722685185185 0.128232735972649 9.79444157219627e-06 196.78749084
13070012 70.3889814814815 0.126647748848315 7.74733098927034e-06 181.78306580
13070014 70.4188657407407 0.126247309386886 1.9057322261558e-05 168.37336731
13070015 70.4240162037037 0.126128942753929 4.55996439913539e-05 161.91920471
13070016 70.4349189814815 0.124721544698719 9.21531036453003e-06 152.78977966
13070017 70.4555555555556 0.123581554325752 9.18495354733313e-06 142.46369934
13070018 70.4767824074074 0.122785312898429 1.73571146685188e-05 133.42913818
13070019 70.4840972222222 0.122210531867015 4.52227303241795e-05 131.34509277
13070020 70.4861689814815 0.121510718206539 9.49688230030211e-06 130.98518372
13070021 70.5069097222222 0.120365861478159 2.20637474549745e-05 119.10153961
13070022 70.511412037037 0.119898341539592 9.32934313172606e-06 119.01013947
13070024 70.5438657407407 0.119292027083749 2.32666198799913e-05 107.39605713
13070025 70.5484027777778 0.118938782254164 9.7675114669015e-06 108.59421539
13070026 70.5688888888889 0.118204185798923 1.01631064204127e-05 102.49031067
13070027 70.5889351851852 0.117570629236438 1.07721897300267e-05 98.38780212
13070030 70.6127893518519 0.117470571679331 5.76065968411457e-05 92.39990997
13070056 70.8806828703704 0.134524491664942 8.39699712593644e-06 200.30509949
13070057 70.9048148148148 0.131611797921518 8.80116745551154e-06 177.78213501
13070058 70.9274652777778 0.129536669853237 8.65529634308733e-06 156.06265259
13070059 70.9514467592593 0.128493870340984 1.63231490932005e-05 142.91394043
13070060 70.9628703703704 0.127481272503625 1.53413425221332e-05 133.67643738
13070061 70.9783217592593 0.12693875249341 3.28422093758367e-05 128.09992981
13071003 71.0089583333333 0.124638085503532 9.89741044509896e-06 115.72172546
13071004 71.0290972222222 0.123478060379018 1.05259066456949e-05 109.97642517
13071005 71.0469328703704 0.122031324810552 1.05081561957435e-05 106.10639191
13071006 71.0648148148148 0.121425397221356 2.02555358424013e-05 102.54170990
13071008 71.0767476851852 0.120955562484436 1.65165989728846e-05 99.91681671
13071009 71.0923958333333 0.120323355033225 1.78467402561192e-05 94.85594940
13071010 71.1020833333333 0.119652485095777 1.04602634775319e-05 96.53651428
13071011 71.122025462963 0.119243973060744 1.04513187910843e-05 92.20684814
13071012 71.1415625 0.118581080492725 9.97113448287475e-06 88.57400513
13071028 71.5106018518518 0.137715166089848 9.42942436849581e-06 187.32159424
13071029 71.5302430555556 0.135993446344102 9.97707990617339e-06 175.18563843
13071031 71.5509490740741 0.133735630910996 9.30748724593758e-06 163.28526306
13071032 71.5721875 0.131666528945011 9.1615252031987e-06 148.16281128
13071033 71.5940856481482 0.129870786663058 9.63311674736991e-06 138.60960388
13071034 71.6141666666667 0.13520063706891 0.000198712148486173 129.97909546
13071037 71.6301041666667 0.130014394330368 0.000117071653472692 122.18574524
13071038 71.6313888888889 0.127410034233723 1.81644631944543e-05 121.43498993
13071040 71.6410069444444 0.127063608341826 5.09167322506224e-05 117.13798523
13071041 71.6437268518518 0.126201088625269 8.19062719367009e-06 117.25231171
13071042 71.6728587962963 0.124758867722811 1.19015696231283e-05 109.27188873
13071043 71.6873611111111 0.123908737032257 9.87023127226652e-06 105.74657440
13071045 71.7150578703704 0.122624461816591 9.46797864771211e-06 99.53673553
13071046 71.7377083333333 0.121661712410036 1.46022691418686e-05 95.56725311
13071048 71.7512731481481 0.123961389820272 1.373635229259e-05 95.46478271
13071050 71.7720949074074 0.120197483048975 9.37141238182826e-06 89.92288971
13071051 71.7973263888889 0.119612991046917 1.88571210476309e-05 86.71952057
13071055 71.8127083333333 0.118868138055509 1.07281376028594e-05 83.82226562
13071064 71.9415856481481 0.136855702978012 9.05840406111664e-06 273.03350830
13072001 71.9609837962963 0.136346737271075 9.47339629185794e-06 221.40936279
13072002 71.9798032407407 0.134272373381349 9.22516272900102e-06 195.58761597
13072003 71.9997453703704 0.132439008401422 8.97883736633629e-06 178.38838196
13072004 72.0211689814815 0.131241563014422 1.1340304588434e-05 164.43032837
13072005 72.0349421296296 0.129657118553 9.28951904560098e-06 156.00341797
13072006 72.0557060185185 0.128842393811432 2.00721153081055e-05 145.45312500
13072007 72.0640740740741 0.127898207053122 9.60603993035409e-06 142.09213257
13072008 72.0856134259259 0.126360101971638 9.03362368972424e-06 129.37554932
13072009 72.1084027777778 0.125052096639288 9.93316144756457e-06 122.62012482
13072010 72.1293287037037 0.124509426178857 1.05087551406393e-05 116.85871124
13072011 72.1470138888889 0.123415745109577 1.01635329030727e-05 111.53989410
13072014 72.1739236111111 0.122354915335553 1.35751627206486e-05 106.97196198
13072015 72.1884837962963 0.121686769335534 1.26561848798086e-05 102.26999664
13072016 72.2023726851852 0.121045255843436 8.68619254266911e-06 98.48894501
13072017 72.2291203703704 0.120363237359865 1.043920777213e-05 94.06206512
13072018 72.2482175925926 0.119589823846643 1.05775016240835e-05 89.82949829
13072019 72.2671759259259 0.119175220442992 1.50826089785629e-05 87.43017578
13072020 72.2777199074074 0.118900989545304 1.35298925308593e-05 84.90306091
