13041002 41.2118634259259 8.10533542808597 6.03093434052873e-07 36437.75000000
13041004 41.2254513888889 8.38614749067215 4.75433691044451e-07 28410.75000000
13041006 41.2336574074074 8.48426290689469 3.15747494249163e-07 26898.50000000
13041007 41.2461458333333 8.39727125442893 2.57618972036356e-07 26723.70117188
13041008 41.2656134259259 8.37214998108612 2.61114951194295e-07 26048.65039062
13041009 41.2993287037037 7.81586997672121 4.19170860306371e-07 37836.15234375
13041010 41.3140393518519 7.9847854604741 6.14492590371311e-07 35269.34765625
13041082 41.7666319444444 6.93226072234547 5.38414128467407e-07 46752.09765625
13041101 41.8104861111111 7.55934550775963 3.75915490073284e-07 45207.65234375
13041102 41.8277662037037 7.61819004431494 3.68107955755152e-07 44889.09765625
13041108 41.8582060185185 7.79359668010456 3.83769366028002e-07 42062.40234375
13041109 41.8818287037037 7.90693058029776 3.46964030006425e-07 39853.25000000
13041110 41.9000347222222 8.03863201217328 3.4537039572987e-07 36542.40234375
13041115 41.9295138888889 8.15279587522949 3.32751626974053e-07 35816.75000000
13041116 41.9480439814815 8.23945795009608 3.29370877229595e-07 34289.55078125
13041119 41.9763773148148 8.33711633250972 3.31407333898601e-07 32119.50000000
13042001 42.0006018518519 8.39441317173166 3.23919046467462e-07 31500.79882812
13042002 42.0195717592593 8.40576875758533 3.45494372632785e-07 30438.20117188
13042003 42.0381712962963 8.47106967414595 3.55495434590823e-07 31198.34960938
13042006 42.2619212962963 7.45218577250646 4.15938258521541e-07 39235.69921875
13042007 42.2790046296296 7.50199094663637 4.13616351969025e-07 37469.30078125
13042008 42.295462962963 7.53731304465026 4.15440750465942e-07 36294.00000000
13042013 42.3236805555556 7.70257124602732 3.104638620947e-07 33578.84765625
13042015 42.3412962962963 7.76096370452477 3.03054375485631e-07 33785.84765625
13042016 42.359224537037 7.83762220731617 3.89195725109237e-07 32441.50000000
13042017 42.3832986111111 7.9439764710468 3.81317207373489e-07 31018.95117188
13042018 42.4010300925926 7.97271574972856 3.78726499934247e-07 30902.79882812
13042019 42.4187268518519 8.04211589453914 3.71470661098523e-07 30465.79882812
13042020 42.4378587962963 8.09474955678388 1.47697005687924e-06 29532.00000000
13042022 42.4430092592593 8.10784265590969 2.60163648810291e-07 29625.15039062
13042023 42.4656018518519 9.47542790636911 3.102116530502e-07 28744.25000000
13042024 42.5167592592593 10.99090664122 1.81008381125225e-07 26991.65039062
13042025 42.5345023148148 10.8767542221413 1.8798897234674e-07 26491.40039062
13042026 42.5521064814815 11.0373792895399 1.82983602384605e-07 25872.70117188
13042027 42.5697916666667 11.1316988965688 1.78603841530343e-07 25707.09960938
13042046 42.8201157407407 7.59691525865459 2.95882831571883e-07 85860.14843750
13042047 42.8361111111111 7.68265697455022 2.87986635075768e-07 80695.50000000
13042048 42.8532175925926 7.83490374911689 2.39966125733418e-07 75276.69531250
13042049 42.8759027777778 7.91966276489751 2.77288774881725e-07 69886.64843750
13042050 42.8932986111111 8.03775089989002 3.79974621892833e-07 67662.55468750
13043005 43.2440972222222 7.46399203584165 3.15562832507205e-07 80224.00000000
13043006 43.2601157407407 7.57468136286422 3.15672243049927e-07 71044.69531250
13043011 43.2925694444444 7.75243247696655 3.11631029025704e-07 59824.15234375
13043012 43.3093171296296 7.86620880622151 3.06724994605332e-07 55684.15234375
13043013 43.3267824074074 7.96337032525563 3.05437389444673e-07 51821.30078125
13043017 43.3515509259259 7.5337904177016 3.57008854673154e-07 48106.80078125
13043023 43.411087962963 8.38901850598851 3.07736623373558e-07 40976.80078125
13043027 43.4334606481481 8.47076432611147 3.19368870574787e-07 39058.59765625
13043029 43.4469675925926 8.52032630987608 2.38005887085916e-07 38113.30078125
13043030 43.4680787037037 8.60642532510274 2.84229882156521e-07 36620.59765625
13043031 43.4885648148148 8.62674426357334 7.17646644196432e-07 35636.19921875
13043032 43.498900462963 8.6720634925915 2.81726683134553e-07 34165.34765625
13043034 43.5225347222222 8.71193693402077 3.53642792858062e-07 33036.05078125
13043035 43.53 8.74075685461334 2.77040924373659e-07 33209.69921875
13043044 43.6758912037037 7.7449661711276 2.68939081213102e-07 85224.19531250
13043046 43.6942824074074 7.88321458804056 1.87280474626684e-07 78074.64843750
13043047 43.7145833333333 8.03468798137754 2.52452295547961e-07 73503.39843750
13043048 43.7324189814815 8.10825664104894 2.49681139894385e-07 70447.85156250
13043049 43.7505787037037 8.22210059292588 2.44183906839819e-07 67002.44531250
13043050 43.7695023148148 8.30795942660564 2.40998230412449e-07 64305.69921875
13043051 43.7884259259259 8.41091462612871 1.37495204416932e-06 61611.25000000
13043052 43.7995717592593 8.56164112220809 2.32317764643825e-07 57104.40234375
13043053 43.8185300925926 8.63551247077824 2.30398436778589e-07 54843.50000000
13043054 43.8379282407407 8.78788310388509 2.23942156462488e-07 51930.55078125
13043055 43.8577199074074 8.97025613626118 2.20397025321299e-07 47032.69921875
13043056 43.8779513888889 9.14902589112292 2.17238804735732e-07 42716.75000000
13043057 43.8980787037037 9.04576325199605 2.46352466663447e-07 38010.94921875
13043058 43.9279861111111 9.010754816825 2.21139007954945e-07 45085.75000000
13043059 43.9476388888889 9.03877168661923 2.24999636152024e-07 42824.84765625
13043060 43.9673726851852 9.08682679100843 3.95690293267203e-07 41503.50000000
13043062 43.9848958333333 9.1093655455738 4.0196005408217e-07 40899.75000000
13043063 43.9899421296296 9.11180351124584 1.01023914027425e-06 40544.40234375
13044015 44.1919675925926 7.92529303167772 1.90469031641299e-07 72276.35156250
13044017 44.2143981481481 7.98933331653335 2.63781119172112e-07 68098.39843750
13044018 44.2323148148148 8.05283818822546 2.62348360559854e-07 64822.05078125
13044019 44.250462962963 8.14220244656858 2.604573823901e-07 61466.34765625
13044020 44.2689814814815 8.22543883510139 2.89862048365257e-07 58778.80078125
13044021 44.2916666666667 8.36103089148084 2.53012562354714e-07 55226.44921875
13044022 44.3106018518519 8.39464686220855 2.49766517004027e-07 54725.05078125
13044023 44.3294791666667 8.46781057929598 2.49381859199659e-07 51973.09765625
13044024 44.3484490740741 8.58802404068395 2.43943141008352e-07 49639.75000000
13044025 44.3705671296296 8.70244847916003 2.38544258887185e-07 47838.84765625
13044026 44.3907291666667 8.69560561991611 3.74569380037836e-07 46358.80078125
13044029 44.4212847222222 8.83936344509474 2.86964587491797e-07 43527.50000000
13044030 44.4377662037037 8.86470212879308 2.36977119692048e-07 43006.55078125
13044031 44.4573842592593 8.91134671978079 2.97361021130457e-07 42171.65234375
13044034 44.4788310185185 8.93741841128839 5.23556151141019e-07 40484.59765625
13044118 44.896875 7.66666666152617 9.91313073257885e-06 83519.89843750
13044119 44.8989699074074 7.75731038313535 6.28148698506209e-07 82345.75000000
13044121 44.9038888888889 7.7419048934509 6.20698039305993e-07 80556.35156250
13044122 44.9093518518519 7.81863831712059 2.55607255659687e-07 78096.50000000
13044123 44.9283333333333 7.95781578132121 2.67847875588641e-07 73067.55468750
13044124 44.9458680555556 8.08516771849322 2.59492719860692e-07 70097.10156250
13044125 44.9660185185185 8.19011349667646 2.78687460320194e-07 65591.39843750
13044126 44.9884027777778 8.31389682701987 2.78685549205957e-07 62892.34765625
13045001 45.0033796296296 8.38621380101074 2.74135482863783e-07 61899.90234375
13045003 45.0184143518519 8.4550464694563 8.49248829832499e-07 59832.19921875
13045005 45.0433101851852 8.58257892224457 2.2097118995284e-07 54597.40234375
13045006 45.0693981481481 8.16023220412647 2.68914982456789e-07 51606.25000000
13045007 45.096400462963 8.7092153627934 2.20054807914404e-07 50182.55078125
13045012 45.1260300925926 8.75348285882254 2.77687654007675e-07 48756.55078125
13045029 45.1685532407407 8.90486619711486 2.39460339518347e-07 44268.09765625
13045056 45.4773842592593 7.55605228448039 2.59010870073975e-07 95448.85156250
13045123 45.8323958333333 7.72222109153949 2.84487844165878e-07 117441.44531250
13045133 45.8602893518519 7.85480799499967 2.40247292462176e-07 99232.35156250
13045134 45.8778356481481 7.98382455412195 2.31520303274319e-07 92566.94531250
13045135 45.8971643518518 8.03394728790944 2.92478278817627e-07 86208.60156250
13045138 45.9129050925926 8.12718864302735 2.27325131446877e-07 84461.75000000
13045139 45.9309143518518 8.18277222776543 2.89042407510209e-07 80675.94531250
13045145 45.9555439814815 8.35382755757434 2.1855877455717e-07 75483.69531250
13045146 45.9744212962963 8.33121007985811 5.76241384197376e-07 73414.85156250
13045164 45.9979513888889 8.43429563744108 2.16791043849399e-07 71362.10156250
13046001 46.0181365740741 8.49051785565702 2.16607465805886e-07 69512.89843750
13046002 46.0372800925926 8.52581603232261 8.33150343115242e-07 67005.89843750
13046003 46.0480324074074 8.55931141196386 2.33568526700975e-07 66198.60156250
13046004 46.0645833333333 8.61473868890394 2.41510264303063e-07 65094.59765625
13046008 46.1530439814815 7.6993953906601 5.8957984665679e-07 131481.79687500
13046009 46.1569444444444 7.81930177767245 1.53211909908804e-06 127336.05468750
13046010 46.1591550925926 7.79440195913322 6.25774431045267e-07 124612.85156250
13046011 46.1637615740741 7.84628582879536 2.43581599874505e-07 122104.69531250
13046012 46.1791435185185 7.87554804872816 2.19589631762668e-07 108350.69531250
13046013 46.1979166666667 7.94853242913657 2.11979148310741e-07 103797.85156250
13046014 46.219224537037 8.02856856356541 3.41338910724772e-07 96904.75000000
13046015 46.2290162037037 8.0733197864747 2.93677419847946e-07 94354.05468750
13046016 46.2416898148148 8.112638031508 4.91808262361517e-07 92024.14843750
13046017 46.2453472222222 8.1478570406967 2.03662216751716e-07 91412.35156250
13046022 46.2714699074074 8.33022742149142 3.852370559593e-07 89773.60156250
13046027 46.2865393518519 8.29798322105886 7.32828155684188e-07 83938.50000000
13046028 46.2887615740741 8.34482732620283 2.1405703622943e-07 82882.80468750
13046029 46.3071064814815 8.39491757784517 2.86372229492026e-07 81277.39843750
13046116 46.9579050925926 7.62315247278208 3.618844186943e-07 111854.75000000
13046118 46.9664814814815 7.65883702402578 4.87906864591089e-07 103360.85156250
13046119 46.9764699074074 7.70499440725044 4.38659375764456e-07 99157.60156250
13046120 46.986087962963 7.74636755123559 3.87489092263369e-07 96019.25000000
13046121 46.9947337962963 7.78096839322301 3.71871305753636e-07 93474.30468750
13047002 47.0056828703704 7.82643628068581 2.79594884183927e-07 93574.35156250
13047003 47.0201157407407 7.89598598047835 4.17465992812218e-07 89506.80468750
13047004 47.0278240740741 7.84870211239969 4.45202950524606e-07 69999.35156250
13047014 47.1780092592593 8.09816128292715 1.20703275909735e-06 156873.79687500
13047018 47.1865972222222 7.98338312238995 7.32782437131306e-07 142938.10937500
13047021 47.1928356481482 7.90190322666252 2.8617755596415e-07 136053.04687500
13047022 47.1994560185185 7.90918268913665 6.36460957980806e-07 130728.55468750
13047023 47.2051041666667 7.9602639300041 2.07251868267067e-07 127214.14843750
13047024 47.2230671296296 8.02287770172116 4.02408699964111e-07 118777.75000000
13047026 47.2356828703704 8.091239307325 2.47803024196948e-07 114605.55468750
13047027 47.2485763888889 8.14977998141922 2.68298408932359e-07 110866.89843750
13047028 47.2760069444444 8.2573554102751 2.85573820192536e-07 103625.35156250
13047029 47.2907407407407 8.35775932136666 2.47356663181774e-07 100738.85156250
13047030 47.3031134259259 8.37189953390788 2.4793490542534e-07 96272.25000000
13047031 47.3157523148148 8.43313476192311 2.3260382322241e-07 93546.75000000
13047032 47.3301273148148 8.47195386986469 2.29928814132862e-07 91078.85156250
13047033 47.3445138888889 8.50868940229859 7.15337513370152e-07 89072.10156250
13047034 47.3470023148148 8.52448454957003 2.28688662475397e-07 88759.30468750
13047035 47.3674537037037 8.58935851063276 2.00143160126652e-07 85091.94531250
13047036 47.3855671296296 8.63691529161268 2.3158825813618e-07 82709.14843750
13047037 47.3993055555556 8.65273168090342 2.04325329489643e-07 81132.50000000
13047039 47.4234027777778 8.74138297934074 1.97889702542106e-07 76722.25000000
13047040 47.4419097222222 8.79029509641795 2.266231403934e-07 73890.94531250
13047041 47.455462962963 8.80217660274199 9.16608855359838e-07 72969.80468750
13047042 47.4574537037037 8.79640464283331 6.66034171244156e-07 72768.55468750
13047043 47.4596759259259 8.80924099505382 8.77664951575496e-07 72474.14843750
13047044 47.4615625 8.81085820240899 1.44162666016107e-06 72506.35156250
13047045 47.4627546296296 8.80957705808301 7.70691558578643e-07 73038.80468750
13047046 47.4652662037037 8.30720515481648 1.13975893616986e-06 72832.94531250
13047047 47.4669675925926 8.85577225564753 5.60684676667014e-07 72325.80468750
13047048 47.4703125 8.83853475568983 7.72023790718652e-07 72270.60156250
13047049 47.4724768518519 8.84070632682158 6.92879547481639e-07 71636.94531250
13047050 47.4749537037037 8.29288044225247 8.74444449170199e-07 71518.50000000
13047051 47.4774305555556 8.84634738034977 5.33863255494633e-07 71198.80468750
13047052 47.4805439814815 8.8590207812512 5.1304468375563e-07 71370.14843750
13047053 47.4851851851852 8.8631115452225 7.37955816328483e-07 71096.44531250
13047054 47.4875 8.86136446667069 3.60960947188595e-07 70978.00000000
13047055 47.4939351851852 8.87716318168155 5.63614787192921e-07 70572.05468750
13047121 47.947037037037 7.89836470683287 8.09802673429363e-07 147687.60937500
13047122 47.9509259259259 7.86512983859772 2.35372496839124e-07 140426.50000000
13047123 47.9650578703704 7.89561852225447 2.3305155298119e-07 131913.04687500
13047124 47.9796759259259 7.95454007178241 3.08327170652198e-07 124607.10156250
13047126 47.9904513888889 8.04756881238333 2.01655457110314e-07 119565.50000000
13048007 48.0213310185185 8.16344792941803 1.1349300915262e-06 110161.94531250
13048009 48.0253009259259 8.20927203088215 1.99223469266783e-07 109453.55468750
13048010 48.045462962963 8.26225975853924 4.78987810156159e-07 104724.75000000
13048011 48.0577430555556 8.35236260315787 1.99575381152468e-07 97938.60156250
13048012 48.0761458333333 8.41024412457386 1.97031484437879e-07 96038.80468750
13048013 48.0948958333333 8.49193032716139 1.98763429323979e-07 90744.19531250
13048014 48.1134259259259 8.50827514560991 1.98216666209889e-07 90553.30468750
13048015 48.1330092592593 8.56206787253849 1.98700662077427e-07 86359.25000000
13048016 48.1515972222222 8.6194573458759 1.9846692752608e-07 83280.69531250
13048017 48.1707986111111 8.63969427440568 3.780211707378e-07 81293.50000000
13048018 48.184212962963 8.71269376483887 2.0134197143795e-07 75939.10156250
13048019 48.2026851851852 12.4510810467816 3.50377139832163e-07 74992.64843750
13048022 48.2307638888889 9.66388006848246 2.75279516927515e-07 41940.50000000
13048030 48.3642824074074 7.43408031717632 2.61801574802746e-07 151642.45312500
13048031 48.3784027777778 7.51909880119103 2.4690297007429e-07 138136.85937500
13048032 48.3942361111111 7.57427615109356 6.00967496488734e-07 127562.60156250
13048040 48.4162847222222 7.71961753974853 2.26427648846069e-07 119159.55468750
13048041 48.4344907407407 7.29965193439682 2.76953432259974e-07 112720.69531250
13048042 48.445787037037 7.86120966766723 2.24414026169313e-07 108786.55468750
13048043 48.4633680555556 7.92342480496446 2.92053863158438e-07 103454.00000000
13048044 48.4745486111111 7.96866899207562 5.8742728126406e-07 100725.05468750
13048045 48.4782407407407 7.98481028254703 4.65603247015552e-07 100552.55468750
13048046 48.4931597222222 8.05415915948019 9.46521079770579e-07 93922.80468750
13048049 48.5048726851852 8.11830809634045 2.19942328966016e-07 92993.60156250
13048050 48.522962962963 8.18375645169044 2.2158510779283e-07 90394.60156250
13048051 48.5409027777778 8.26310751446132 2.05983936516362e-07 87251.64843750
13048052 48.5608680555556 8.30401152369609 2.21813285879958e-07 82756.30468750
13048053 48.5789583333333 8.35732922778508 2.18079170012129e-07 82231.89843750
13048087 48.7585532407407 7.65549175176432 2.10931411668329e-07 165612.64062500
13048088 48.7761458333333 7.7072524318153 2.1705696944884e-07 146576.70312500
13048089 48.7936226851852 7.80611047784167 2.13874654983257e-07 135487.25000000
13048090 48.8122916666667 7.88649727089231 2.13507875788674e-07 126739.19531250
13048091 48.8344675925926 7.97381048363326 2.1218936302501e-07 119847.25000000
13048092 48.8530324074074 8.04613038197332 2.16427943458357e-07 113882.19531250
13048093 48.8787731481481 8.14069923559106 4.41070430539139e-07 105789.64843750
13049004 49.1253356481481 8.44580740290255 3.02904326938311e-07 150095.70312500
13049005 49.1318634259259 8.37652793936695 4.51071714640453e-07 139409.89062500
13049006 49.1360532407407 8.37608974455083 1.63982538498324e-07 135345.79687500
13049007 49.158912037037 8.39079684619882 9.06844152351806e-07 119199.80468750
13049017 49.1873726851852 8.40751689643754 3.69895221007319e-07 105767.80468750
13049031 49.2659143518519 8.62187494295272 2.01160967532241e-07 85462.25000000
13049032 49.2835185185185 8.62327655426842 3.0149519758898e-07 83277.25000000
13049035 49.2982523148148 8.64440523862232 2.00781614364127e-07 81759.25000000
13049039 49.3423148148148 8.74129388461999 1.99884786846494e-07 75710.25000000
13049041 49.3613541666667 8.77091274694916 4.29035593485794e-07 72115.35156250
13049042 49.3710300925926 8.8291260587857 2.21110511250292e-07 70467.39843750
13049044 49.387037037037 8.85389370667247 2.34292961156734e-07 67687.85156250
13049045 49.4041203703704 8.86311889287693 2.06717979411724e-07 65484.44921875
13049046 49.4225462962963 8.89738444972331 2.03662612417571e-07 65500.55078125
13049047 49.4409953703704 8.92301169512414 2.05304341834619e-07 63159.15234375
13049048 49.4596064814815 8.94857345936327 2.22279635154253e-07 62846.34765625
13049049 49.4753009259259 9.05730969868379 2.07947600987319e-07 59628.65234375
13049050 49.4942361111111 9.06682511945356 5.9070014603282e-07 57646.05078125
13049052 49.4990625 9.45242987092789 7.89621612984305e-06 56458.09765625
13049072 49.7058333333333 7.77872906229992 1.96663745872358e-07 169711.25000000
13049073 49.7244097222222 7.8156196318646 2.04830100544032e-07 145622.20312500
13049075 49.7461574074074 0 0.000138131122927663 132552.45312500
13049078 49.7503472222222 7.95555011453689 4.00330357063841e-07 129284.14843750
13049080 49.759537037037 8.02863534816008 2.00483821400913e-07 124883.10156250
13049081 49.778599537037 8.07487837039845 2.02616223249496e-07 118782.35156250
13049082 49.7975462962963 8.14255920950092 1.89785501542844e-07 112338.89843750
13049086 49.8266087962963 8.22512195911712 2.12036795980096e-07 102666.25000000
13049087 49.8456712962963 8.27964293679923 2.10153224388098e-07 99600.35156250
13049088 49.8636689814815 8.34022442257298 2.11258264930291e-07 95047.50000000
13049089 49.8818634259259 8.38029471497873 1.11918460992321e-06 92878.60156250
13049093 49.894375 8.3938285003886 2.05879596913146e-07 90668.30468750
13049094 49.9144560185185 8.44525786279324 2.05037362964397e-07 87739.25000000
13049096 49.9351273148148 8.46398983280842 3.29793317770305e-07 84859.64843750
13049098 49.9517824074074 8.51454744260919 2.07520187264552e-07 81498.19531250
13049099 49.9705787037037 8.56116579408861 2.11062279608867e-07 78658.85156250
13049101 49.9924884259259 8.60574305839778 2.11324165059525e-07 75517.05468750
13050001 50.010775462963 8.64947458446939 2.36690568358675e-07 74401.55468750
13050006 50.1337962962963 7.80236073860821 1.73858238819217e-07 175740.70312500
13050007 50.1603125 7.78155468717016 4.14151325575234e-07 137602.10937500
13050009 50.1779166666667 7.85522438028106 2.35775462628382e-07 127129.05468750
13050011 50.1969097222222 7.94407209084401 2.08624331201258e-07 119249.25000000
13050012 50.2193981481481 8.01466555368886 2.07005577341017e-07 113470.50000000
13050015 50.2592939814815 8.13315937170168 6.56651596826938e-07 103725.39843750
13050016 50.2625925925926 8.15438822409859 5.26297578155932e-07 102314.35156250
13050020 50.2785185185185 8.21542359191946 2.09833336909792e-07 95868.60156250
13050022 50.298287037037 8.25604509028997 2.09970836794658e-07 93238.55468750
13050023 50.3170138888889 8.30449967054532 2.1016223908836e-07 89690.80468750
13050025 50.3370601851852 8.35384094460097 3.79975251184083e-07 86637.55468750
13050026 50.3436574074074 8.37412191150059 2.98937915658969e-07 85134.50000000
13050027 50.3533449074074 8.3728803902802 3.80078405404374e-07 84058.10156250
13050028 50.3604050925926 8.41025205236917 2.63246548902946e-07 84167.35156250
13050029 50.3724884259259 8.49609709487268 2.16162187950273e-07 81953.60156250
13050031 50.3928009259259 8.50172736271734 3.97196581220165e-07 78347.19531250
13050032 50.4052430555556 8.50491197642181 2.11390131665494e-07 76079.39843750
13050033 50.4238657407407 8.54915756499511 3.30645077187884e-07 73348.14843750
13050036 50.4357060185185 8.5584658677696 2.12516238788351e-07 72422.39843750
13050037 50.4546643518518 8.59337009450037 3.38562355839267e-07 70735.35156250
13050038 50.4622685185185 8.61195070443817 2.113068230551e-07 69386.39843750
13050039 50.48125 8.13805028828711 2.5521557894305e-07 62908.44921875
13050041 50.4948958333333 8.7052773842662 2.46878031971864e-07 59461.90234375
13050042 50.5095717592593 8.78279128066325 2.22055669059978e-07 55784.19921875
13050043 50.5285763888889 8.88437373292983 2.40255653754212e-07 51915.59765625
13050044 50.5450578703704 8.97415634894918 2.77120181047452e-07 49600.65234375
13050046 50.5750462962963 9.17346401831287 2.17223761938693e-07 44215.19921875
13050047 50.5940740740741 9.11880603851678 2.26716541062423e-07 41494.30078125
13050049 50.6138541666667 9.29550114610586 2.0921026457946e-07 38197.25000000
13050050 50.6361689814815 9.38058967019906 5.67456005135227e-07 35291.19921875
13051006 51.1352662037037 7.98322200654891 1.73107625738329e-07 159330.20312500
13051007 51.1566898148148 7.90669139447338 1.85005998123711e-07 134462.60937500
13051008 51.1793287037037 7.94303136019546 2.09890865854216e-07 119744.89843750
13051009 51.1983101851852 7.98970402627513 2.10394112207576e-07 112927.69531250
13051010 51.2171643518518 8.05852545978327 2.08826968442754e-07 108284.00000000
13051011 51.2360763888889 8.12813281557668 2.08678037967589e-07 102953.75000000
13051012 51.2556365740741 8.20481638724536 4.03722191049312e-07 96244.64843750
13051015 51.2746643518518 8.28627829310379 2.10373403747844e-07 91679.14843750
13051016 51.2930671296296 8.35596889844385 2.07227020116586e-07 89334.30468750
13051017 51.3119328703704 8.39236889670976 2.08797615247396e-07 86103.94531250
13051019 51.33125 8.44857525270354 2.201504101125e-07 83843.05468750
13051020 51.3477083333333 8.51934285721279 2.0433876641035e-07 82016.85156250
13051021 51.3664814814815 8.55926651981766 2.18420462596648e-07 78200.00000000
13051022 51.3918171296296 8.58392128032435 2.10715238936132e-07 74593.60156250
13051023 51.4100578703704 8.61045092151024 2.0605447798697e-07 75827.55468750
13051024 51.4288194444444 8.63727086998894 2.79371129861269e-07 72719.10156250
13051026 51.4408680555556 8.68531820667013 2.0678110950212e-07 71879.60156250
13051028 51.4611689814815 8.72011030261991 2.73893145884833e-07 69262.19531250
13051068 51.5898148148148 7.84945497253145 2.3685430847947e-07 112564.30468750
13051069 51.606712962963 7.83320903403241 2.41713994927091e-07 100083.35156250
13051070 51.625 7.87749436331447 2.82607340387199e-07 91911.44531250
13051071 51.6384490740741 7.96210570344688 2.40779556750376e-07 89245.75000000
13051072 51.6563773148148 8.02031545856434 2.41510732068853e-07 84936.69531250
13051073 51.6743518518518 8.0811343160933 2.40132757220578e-07 82036.39843750
13051074 51.692650462963 8.16638233400631 2.21742648727157e-07 79301.69531250
13051080 51.7350810185185 7.76716742816034 1.6322151594137e-06 70972.25000000
13051081 51.7364467592593 8.35297707459675 4.09181510851952e-07 69702.64843750
13051083 51.7513425925926 8.38461471642626 2.38234950006872e-07 67944.30468750
13051084 51.7693171296296 7.86966592739364 2.8213077087199e-07 67557.89843750
13051085 51.7821296296296 8.44567259551407 2.32087082727476e-07 67074.89843750
13051086 51.8005324074074 8.48859292560501 2.3125000380387e-07 64657.59765625
13051087 51.8192592592593 8.54343217368891 2.52005459251044e-07 63298.30078125
13051088 51.834849537037 8.57730663976248 2.83502799406247e-07 61891.84765625
13051091 51.8538541666667 8.60585505942354 2.31941310372808e-07 58827.09765625
13051092 51.8724768518519 8.63533267023272 2.31829379884049e-07 57744.94921875
13051093 51.8913425925926 8.68769660100178 2.28254453884072e-07 57018.15234375
13051095 51.910775462963 8.73144420811768 6.67508052658888e-07 54338.65234375
13051099 51.9731712962963 7.63849677299979 2.31011837610218e-07 130643.44531250
13051100 51.9933101851852 7.68976875470146 9.06729564914339e-07 117763.44531250
13051102 51.9994444444444 7.72557159769099 1.52036037241492e-06 115060.94531250
13052001 52.0016087962963 7.75895469184609 2.31685173522049e-07 115082.80468750
13052002 52.0205324074074 7.84641440675827 2.29480783252517e-07 107933.25000000
13052003 52.0390856481482 7.93139375232162 2.29444903126871e-07 102308.60156250
13052004 52.0579398148148 8.00819106026677 2.28850423415917e-07 98656.19531250
13052005 52.0764930555556 8.04188765067919 2.56282069535705e-07 96232.00000000
13052009 52.116400462963 8.18624453732147 4.96571187338946e-07 86772.10156250
13052010 52.12125 8.21977859663789 2.25371727905566e-07 85898.10156250
13052011 52.1401273148148 8.28171920930887 2.27127107403707e-07 83703.89843750
13052012 52.158275462963 8.30592562173071 2.27616434804273e-07 81944.39843750
13052013 52.1767013888889 8.38410881085863 2.27259079575249e-07 79550.10156250
13052014 52.1963773148148 8.46069372049103 2.27413702244949e-07 75337.64843750
13052015 52.2150115740741 8.54263337796444 4.96652582514211e-07 74066.89843750
13052016 52.225162037037 8.59238877328462 2.53180155185771e-07 68840.14843750
13052017 52.2399537037037 8.67636103938529 2.24337743968116e-07 65586.80468750
13052018 52.2586574074074 8.88303821604898 2.20506629504567e-07 58160.09765625
13052019 52.2772569444444 8.63553035616172 2.45814011626059e-07 57237.80078125
13052020 52.2937268518519 8.84716317197453 2.02852689496685e-07 67751.10156250
13052021 52.3137384259259 9.11691114973434 1.81434365794064e-07 67478.55468750
13052022 52.3382638888889 8.66966053520735 6.38167110094869e-07 65264.80078125
13052036 52.5740625 7.8270272430182 3.28228947508894e-07 137060.45312500
13052037 52.5827083333333 7.86572581862108 2.07015223319653e-07 131654.29687500
13052039 52.6033912037037 7.94690399930062 2.06340526075986e-07 121658.50000000
13052042 52.6241087962963 8.03476288081038 2.1185749489336e-07 113449.80468750
13052043 52.6420023148148 8.11761112401866 2.08629437767132e-07 109010.80468750
13052045 52.6601157407407 8.17323210840869 2.0935903703419e-07 104273.94531250
13052046 52.6779050925926 8.2299827353049 2.13369023444557e-07 101367.89843750
13052047 52.6963310185185 8.2632024635739 8.29887244939706e-07 96424.05468750
13052048 52.6993171296296 8.29750933531643 2.10945281624075e-07 95105.00000000
13052050 52.7229861111111 8.34179493389271 2.11210550633662e-07 91172.00000000
13052051 52.7421759259259 8.36766698000669 2.09998206887581e-07 90364.69531250
13052052 52.7605787037037 8.43745148505337 2.0863878405248e-07 87262.00000000
13052053 52.7793055555556 8.43553298101649 1.90483598302098e-07 85297.80468750
13052054 52.8065046296296 8.48935229671461 6.12649534565267e-07 81605.14843750
13052056 52.8143402777778 8.03624322072602 3.51510675593265e-07 81034.75000000
13052061 52.8405787037037 8.54686993535812 3.15278616708464e-07 77745.75000000
13052063 52.8559722222222 12.6335716929301 4.31538135774929e-06 76825.75000000
13052088 52.9961111111111 7.71739661518891 2.08843581735291e-07 148827.25000000
13053004 53.0207523148148 7.8107141851484 2.09930885360413e-07 136026.60937500
13053005 53.0389583333333 7.87095740154036 2.14074163816814e-07 126251.60156250
13053006 53.0571527777778 7.91647930307631 2.12603146426359e-07 121563.05468750
13053007 53.0818634259259 8.03250531775836 2.12346716169967e-07 112111.19531250
13053010 53.1074768518518 8.05442906754225 3.51229784141835e-07 108136.80468750
13053012 53.1203125 8.10980925939998 2.10768847152466e-07 106031.14843750
13053013 53.1386805555556 8.16420742805106 2.44937286102056e-07 102635.19531250
13053015 53.1575810185185 8.19210624203082 2.12596245221946e-07 99072.50000000
13053021 53.1960648148148 8.28450567168405 4.5274394283629e-07 93600.80468750
13053023 53.2081944444444 8.33660951867382 2.45689875354242e-07 92501.39843750
13053027 53.2665972222222 8.42086591741539 2.16481296237377e-07 82211.19531250
13053028 53.2843865740741 8.44851162873682 2.15367197128714e-07 80889.85156250
13053029 53.3025115740741 8.91168218377559 3.39152369473441e-07 78980.85156250
13054004 54.042349537037 7.27737891669313 3.01522623454261e-07 186098.75000000
13054005 54.0564583333333 6.85771681448172 4.47622272775361e-07 170350.64062500
13054006 54.0621759259259 7.42370893018828 2.16111171426043e-07 166951.25000000
13054007 54.0822453703704 7.55334553802096 2.10979891637761e-07 157337.25000000
13054008 54.1009259259259 7.6722378944981 2.06173435418825e-07 149547.14062500
13054009 54.119849537037 7.76834340832657 2.0575703966641e-07 140642.70312500
13054010 54.1383796296296 7.86365210858027 2.03050184093109e-07 135211.25000000
13054011 54.1665972222222 7.98293089620269 2.02313998514015e-07 124934.85156250
13054012 54.1853356481481 8.04620628611587 2.00925193566287e-07 121088.10156250
13054013 54.2038773148148 8.11614217934554 1.9919390852535e-07 116897.50000000
13054014 54.2224074074074 8.17639047068395 1.99031257366947e-07 112988.64843750
13054015 54.2413541666667 8.26465881515871 1.94726876983707e-07 110213.69531250
13054016 54.2599652777778 8.3000522965152 1.95752522278304e-07 106516.44531250
13054017 54.2784375 8.33270569592368 5.55218618414439e-07 103364.30468750
13054018 54.2899305555556 8.35475123693825 1.98088467211271e-07 99679.69531250
13054019 54.3083564814815 8.41403116190305 1.80972945906849e-07 98582.60156250
13054020 54.3305902777778 8.48624274695031 2.43945584025616e-07 94510.44531250
13054022 54.3505208333333 8.00533674803237 7.60999996607622e-07 92104.64843750
13054023 54.3538078703704 8.55729824365186 4.0128094258286e-07 91714.80468750
13054042 54.5213194444444 7.29064462913468 2.48972871103307e-07 136822.39062500
13054043 54.5405902777778 7.37459984804701 2.5144781504462e-07 124213.80468750
13054044 54.5585185185185 7.48878279886035 2.46402713164065e-07 117910.64843750
13054045 54.5784837962963 7.56590689330889 8.67848258661098e-07 110855.39843750
13054046 54.5823611111111 0 0.00337289143852932 109463.89843750
13054047 54.5844097222222 7.58631347189889 6.5813614640693e-07 109517.94531250
13054050 54.6018287037037 7.19169794683414 3.96927019928358e-07 103972.64843750
13054056 54.6159722222222 7.58613972918051 3.7200365522214e-06 101704.85156250
13054057 54.6209490740741 7.14046884725087 9.64808555445113e-06 99538.25000000
13054058 54.6226736111111 7.77740363951297 2.64851371910168e-07 100650.30468750
13054060 54.6442824074074 7.88100054819504 2.48735064184674e-07 94903.75000000
13054061 54.6619444444444 7.94099341937925 2.48472955268728e-07 91541.14843750
13054062 54.6785532407407 8.06613312827826 2.39048341224399e-07 89620.64843750
13054063 54.6957407407407 8.1723373050288 2.17158023971272e-07 85507.10156250
13054064 54.7180787037037 8.15463590386701 2.21412611540733e-07 83385.35156250
13054065 54.7382291666667 8.21466929526852 2.21172643173983e-07 80617.30468750
13054066 54.7578356481482 8.25990800481504 3.28419407761753e-07 78849.75000000
13054068 54.7763888888889 8.30011978934806 2.18891223918954e-07 76442.80468750
13054069 54.7978472222222 8.41420574256098 2.13514651536623e-07 74373.94531250
13054070 54.8178587962963 8.47328079930089 2.13993269148156e-07 71658.80468750
13054071 54.8383101851852 8.57018854436019 2.35052877906693e-07 69240.35156250
13054083 54.943599537037 7.52389095461029 2.16059822474889e-07 160213.39062500
13054084 54.9631712962963 7.64109625665486 2.12920823585355e-07 147096.50000000
13054085 54.9823611111111 7.75943587340888 2.08229812626618e-07 138148.35937500
13055001 55.0017939814815 7.85385200840327 1.95546132184986e-07 130053.50000000
13055004 55.0384722222222 7.99147762866775 2.83128099277333e-07 118466.10156250
13055006 55.0554166666667 8.07552438518353 2.27017155576712e-07 111213.05468750
13055007 55.0713888888889 8.13254891958432 2.2673951414819e-07 107404.25000000
13055008 55.0871875 8.19020533167125 2.23912304783162e-07 104339.50000000
13055009 55.1033796296296 8.24429013286928 2.19769247171908e-07 101768.10156250
13055010 55.1195023148148 8.27477551098014 2.20547538266876e-07 98223.80468750
13055011 55.1361574074074 8.32825275246295 2.20341715372346e-07 94688.69531250
13055014 55.1678125 8.40091908968509 5.67995865805006e-07 89544.75000000
13055015 55.1768865740741 8.44038370647957 2.41261944553509e-07 87201.05468750
13055016 55.1920601851852 8.47807980260305 2.20899093256755e-07 85369.10156250
13055017 55.2088194444444 8.51773370790496 2.21042983320514e-07 82110.00000000
13055018 55.2256018518518 8.54373368211429 2.22589952817667e-07 79678.89843750
13055019 55.2418981481481 8.59658383322819 2.20497397779669e-07 78194.25000000
13055020 55.2584259259259 8.6275470519965 2.20505200206343e-07 76209.35156250
13055021 55.2746875 8.64692006793184 2.20706514520509e-07 74652.25000000
13055022 55.2911342592593 8.72630057739001 2.17556643660497e-07 72914.60156250
13055023 55.3075462962963 8.72866191041898 5.19617745993679e-07 72287.85156250
13055024 55.3117708333333 8.72177092726523 5.36284419444202e-07 71009.05468750
13055034 55.409837962963 7.21533921413035 2.84647169806737e-07 126313.69531250
13055035 55.4258101851852 7.27986422210289 2.69081789807321e-07 109373.05468750
13055036 55.4448842592593 7.36526581024288 2.76295282463923e-07 97283.10156250
13055037 55.4638888888889 7.42210012070617 2.83127765718124e-07 87644.94531250
13055038 55.4823263888889 7.50599952770701 2.85344704116328e-07 79874.39843750
13055039 55.5007407407407 7.58211468435921 4.64973236525121e-07 75139.85156250
13055068 55.639375 7.54207588370881 2.24151236401915e-07 141248.75000000
13055069 55.6577777777778 7.60662202895469 2.23531015006189e-07 134957.10937500
13055070 55.676099537037 7.6624355182523 5.06048413799865e-07 128455.00000000
13055071 55.6845717592593 7.75573018466646 2.17229606617136e-07 125824.94531250
13055072 55.7048032407407 7.8254770606792 9.0821908566908e-07 117980.80468750
13055073 55.7104282407407 7.89093232558458 2.14845218628968e-07 116451.30468750
13055075 55.7422453703704 7.97376996321423 2.13623169662702e-07 110634.60156250
13055076 55.7613310185185 8.03670325133237 2.51564056811427e-07 110447.14843750
13055080 55.8021527777778 8.22975481039555 2.05090940759986e-07 101320.75000000
13055081 55.8220486111111 8.28559684212454 2.05771747804611e-07 97594.75000000
13055082 55.8419907407407 8.34874212969939 3.09738755273388e-07 94613.94531250
13055086 55.8700925925926 8.48808506606422 5.54485884535017e-07 86310.94531250
13055087 55.8815509259259 8.51365861328459 1.99028329923163e-07 85653.14843750
13055088 55.9010185185185 8.54385496880018 1.99626278789498e-07 84051.19531250
13055089 55.920625 8.5849446119827 1.82268345590043e-07 84424.94531250
13055090 55.9434837962963 8.27361184679417 2.7847417576446e-07 82721.80468750
13056004 56.033275462963 7.78941424270899 5.34379175325463e-07 136399.20312500
13056005 56.0721759259259 7.79682705735805 2.5822939252096e-07 103882.94531250
13056007 56.0906018518519 7.80944109993103 3.50731757484161e-07 95016.44531250
13056008 56.1018055555556 7.83260318408988 2.96795207648984e-07 91066.19531250
13056011 56.1215509259259 7.90393012688625 2.50753276754542e-07 83749.89843750
13056012 56.1398611111111 7.93687156300209 4.21115675666155e-07 78647.35156250
13056017 56.2135069444444 7.3375687191287 2.37308681772927e-07 152728.04687500
13056020 56.2377199074074 7.37408852626718 2.53291127832981e-07 121026.00000000
13056021 56.2564583333333 7.44876184169497 2.63638426817915e-07 105361.85156250
13056022 56.2753935185185 7.51256547469804 2.69095212182434e-07 95046.35156250
13056023 56.2933680555556 7.52890181857882 2.7551664303158e-07 88623.60156250
13056024 56.3116319444444 7.58890287479432 2.78826886440947e-07 82257.19531250
13056025 56.3297916666667 7.62739785971035 6.34669457753245e-07 76369.19531250
13056026 56.3379282407407 7.63986785629421 5.40871233820874e-07 74149.69531250
13056027 56.3461805555556 7.66143078615123 2.83240469613176e-07 73307.89843750
13056028 56.3652430555556 7.72130836652657 2.90803802816398e-07 66536.69531250
13056029 56.3840856481482 7.79233375304664 2.89349255922797e-07 62707.19921875
13056030 56.4025115740741 7.81475087746382 2.9286429808903e-07 59529.75000000
13056031 56.4210532407407 7.87861959826764 2.9146414095901e-07 56492.59765625
13056032 56.4400925925926 7.90723821515629 6.73097309955031e-07 53143.80078125
13056033 56.4452083333333 7.91830510749377 2.93699068200389e-07 52898.84765625
13056034 56.464525462963 7.98702031722679 1.10628422909623e-06 50188.30078125
13056035 56.4745486111111 7.97024955109199 3.01260110962669e-07 46765.90234375
13056037 56.4950231481481 8.0148869798525 3.0334734190857e-07 44249.69921875
13056038 56.5140162037037 8.04282401950265 3.0248101058376e-07 42693.75000000
13056039 56.533912037037 8.06927016629701 3.39833006520627e-07 40524.84765625
13057005 57.0772106481481 7.64355008283598 2.10335129970682e-07 156458.64062500
13057006 57.0954050925926 7.61913036134064 2.49466936959579e-07 141438.50000000
13057007 57.1107175925926 7.71083908169221 2.10068679135929e-07 136023.14062500
13057008 57.1301967592593 7.82586432095429 2.05368428038236e-07 127950.14843750
13057009 57.149537037037 7.86847566574141 2.06339690335858e-07 122465.80468750
13057010 57.168912037037 7.95415989586377 2.03603963619495e-07 119130.80468750
13057011 57.1880208333333 8.0117182179463 4.50736274341029e-07 114565.30468750
13057014 57.2029282407407 8.0993640071563 2.01824545420852e-07 107206.44531250
13057015 57.2221180555556 8.13467216489697 2.013159542491e-07 103697.80468750
13057016 57.2485185185185 8.21562405583929 1.98481711752715e-07 101397.80468750
13057017 57.2680787037037 8.27875008926381 1.9363731273223e-07 101397.80468750
13057018 57.288912037037 8.32810077181594 1.88547194710667e-07 101397.80468750
13057019 57.3103472222222 8.37437935880893 2.59951927585859e-07 101397.80468750
13057021 57.3260532407407 8.41747301694143 1.80285827672799e-07 101397.80468750
13057022 57.3479513888889 8.45851464970834 1.76775481929818e-07 101397.80468750
13057023 57.3709027777778 8.52330474078471 1.72240123421686e-07 101397.80468750
13057024 57.3959953703704 8.58515585862862 1.68186035155574e-07 101397.80468750
13057025 57.4198611111111 8.61519937720204 1.64700662384935e-07 101397.80468750
13057026 57.444375 8.68545728566418 1.60050218886313e-07 101397.80468750
13057027 57.4718865740741 8.69071101166213 3.10189284665164e-07 101397.80468750
13057038 57.671087962963 6.62557136655836 9.67944062069212e-06 101397.80468750
13057039 57.6739930555556 6.60301689189817 8.16525274226526e-06 101397.80468750
13057042 57.6781481481482 7.58486130719373 2.35535990976606e-07 123395.00000000
13057044 57.714837962963 7.74728181153146 2.23262421344607e-07 113850.00000000
13057045 57.7340162037037 7.83576564564761 2.19499962535964e-07 110374.69531250
13057046 57.7531597222222 7.94717820021019 2.15335154794837e-07 106628.00000000
13057047 57.7724537037037 7.99246309007444 2.48890772041443e-07 103774.85156250
13057048 57.7901157407407 8.05654340621969 2.43516363106442e-07 98880.44531250
13057049 57.8069444444444 8.12277217262401 2.10468928532381e-07 96769.05468750
13057050 57.8271875 8.1606339569029 2.10827097285752e-07 93833.10156250
13057051 57.8466319444444 8.24331519481577 2.08230671841916e-07 91415.80468750
13057052 57.8663773148148 8.27864261812474 2.07113780433208e-07 88785.75000000
13057053 57.8856944444444 8.34114415951361 1.9562534583551e-07 86759.44531250
13057055 57.9127893518518 8.40484080587893 2.06952085472611e-07 82156.00000000
13057056 57.9328703703704 8.43528655010168 2.07363656080661e-07 80373.50000000
13057057 57.9527199074074 8.4621890199799 2.07156921026114e-07 78438.05468750
13057058 57.9720138888889 8.49255226788958 2.9562759924847e-07 76867.14843750
13058002 58.01125 8.57798485470472 2.08913240266309e-07 71347.14843750
13058003 58.0302777777778 9.06107047259375 2.16973177299599e-07 70016.60156250
13058008 58.228125 7.38792871474008 2.10409353923838e-07 168810.79687500
13058013 58.281712962963 7.6568745123492 1.98239681996632e-07 147055.10937500
13058014 58.3034837962963 7.76809404406171 1.94978153148526e-07 139432.89062500
13058015 58.3233564814815 7.85358954994427 2.9081989268966e-07 134506.29687500
13058016 58.3376041666667 7.90282255691167 1.91208619628261e-07 129018.50000000
13058017 58.3576388888889 7.96880859765214 1.89312369223686e-07 124280.50000000
13058018 58.377974537037 8.05431168704378 1.86428321046761e-07 121039.80468750
13058019 58.3988310185185 8.11839044125715 1.84012551977032e-07 117543.80468750
13058020 58.4198611111111 8.16886651469882 1.83139160317309e-07 113817.80468750
13058022 58.4424652777778 16.7934884444463 6.77089638209927e-10 73505.69531250
13058023 58.4453009259259 8.25825004707171 2.07028329943621e-07 109917.00000000
13058025 58.4660300925926 8.30136106864775 1.83754776019503e-07 105722.94531250
13058026 58.486724537037 8.32707753920463 1.86138448179929e-07 101942.89843750
13058028 58.5086921296296 8.39640890249052 1.83329206134092e-07 99303.64843750
13058029 58.5288888888889 8.42299769447264 1.83375190454007e-07 97327.94531250
13058030 58.5492939814815 8.44679253212356 1.02949116195885e-06 94718.60156250
13058031 58.5507175925926 8.45560356208334 1.82931554124688e-07 94479.39843750
13058032 58.5715393518518 8.83296519541276 2.76564123652697e-07 91848.19531250
13058047 58.9937962962963 9.02618985840354 4.4906944780334e-06 147193.10937500
13058048 58.9955555555556 7.50208153738085 6.02330858428036e-06 143613.14062500
13059003 59.0320601851852 7.9714025824899 9.4498116960444e-07 120314.14843750
13059004 59.0350810185185 7.48046489265727 4.12863878901111e-07 119482.69531250
13059005 59.0435648148148 7.93708882757884 2.20952851722062e-07 116059.14843750
13059006 59.0605092592593 7.99239410074681 2.17765674553968e-07 111356.80468750
13059007 59.078599537037 8.06493475674674 2.15601956270107e-07 106826.94531250
13059008 59.0961342592593 8.10368266157658 2.42584123281757e-07 103548.30468750
13059009 59.1135416666667 8.19663661851347 2.11697081829085e-07 97919.05468750
13059010 59.1316666666667 8.24821079095769 2.08629870498901e-07 94674.89843750
13059011 59.1509259259259 8.26483144006672 2.07068992355034e-07 93017.75000000
13059012 59.1702430555556 8.2962761760078 2.07429730461107e-07 89782.80468750
13059013 59.1889814814815 8.37027783570806 2.02073149875388e-07 88625.89843750
13059014 59.2081597222222 8.399860552149 2.03204935801023e-07 86122.35156250
13059015 59.2272916666667 8.43738168259754 2.8962132594665e-07 83251.94531250
13059016 59.2407986111111 8.46506658336109 2.03552419792854e-07 81866.19531250
13059017 59.2599189814815 8.49759020301961 2.03595539939255e-07 79881.30468750
13059018 59.2796990740741 8.53172756698483 2.04344665025685e-07 77303.00000000
13059019 59.2992824074074 8.53035688529971 8.31835866196151e-07 75971.30468750
13059020 59.3017361111111 8.55414046972073 2.03871694353425e-07 75111.10156250
13059021 59.3209837962963 8.56749554230315 2.03672253223346e-07 73839.19531250
13059022 59.3400694444444 8.58848149821217 2.05349506257471e-07 71787.60156250
13059023 59.3597569444444 8.62036576555462 5.42291477821895e-07 70491.55468750
13059025 59.3686226851852 8.62444986646839 2.0747117354487e-07 68628.55468750
13059026 59.3878703703704 8.66098070559995 2.05787965626052e-07 67952.35156250
13059027 59.4073611111111 9.703998396245 3.74062540969444e-07 66934.60156250
13059035 59.4855902777778 7.6930684000648 4.51552994645747e-07 153802.14062500
13059036 59.4904513888889 7.69096191033082 1.50401117284042e-06 149145.79687500
13059037 59.4918402777778 7.76226482578338 1.9308683620568e-07 148870.95312500
13059038 59.5114699074074 7.85157661816294 1.88818042044771e-07 142250.39062500
13059039 59.532037037037 8.1470613574934 5.20256617088643e-07 133595.50000000
13059076 59.7579050925926 7.62812345726649 1.86184733030899e-07 147860.10937500
13059077 59.7780787037037 7.67339932089557 1.60979819770158e-07 136487.75000000
13059078 59.8059259259259 7.79642735672789 1.55391610033223e-07 129133.50000000
13059079 59.8325578703704 7.92525053527916 1.74994484051032e-07 122695.80468750
13059080 59.8527314814815 7.99856082983449 2.02018728951253e-07 117070.00000000
13059082 59.8722453703704 8.06613506954836 1.51454380508944e-07 110543.75000000
13059083 59.8982523148148 8.19097255952242 1.4767324180308e-07 106297.94531250
13059084 59.924525462963 8.22802099610898 4.39895161113245e-07 102124.60156250
13059085 59.92875 8.27541272101764 1.46045563524662e-07 101612.85156250
13059086 59.9544444444444 8.38804022789781 1.49670235170633e-07 97823.60156250
13059087 59.9783101851852 8.4722680845926 2.00252632710548e-07 95608.69531250
13060001 60.009212962963 8.39423831267273 1.50158369512606e-07 88251.00000000
13060002 60.034375 8.4745397696896 1.48542878188981e-07 85434.64843750
13060003 60.0592939814815 8.50508269108448 2.22519459171964e-07 83484.25000000
13060007 60.2014814814815 7.55681478649348 3.07744575640855e-07 122846.44531250
13060008 60.2115856481481 7.60137780566513 2.05007706228281e-07 118908.85156250
13060009 60.2294212962963 7.68493969442891 1.99785879080422e-07 115715.30468750
13060010 60.2478703703704 7.76885110868468 8.02263825105976e-07 109601.89843750
13060011 60.2507407407407 7.78763013897642 1.91174775275565e-07 108320.80468750
13060012 60.2712384259259 8.00308891766961 2.08839789433804e-07 105361.85156250
13061024 61.478275462963 7.58751909354135 1.93147614016623e-07 125157.94531250
13061025 61.4978819444444 7.70231977384603 2.1108658053151e-07 118384.44531250
13061026 61.5141203703704 7.58275842339001 8.90189671816563e-07 114397.39843750
13061029 61.5194675925926 7.84812395742123 1.84343897202904e-07 113381.94531250
13061030 61.5389930555556 7.94018870321389 1.83529808418707e-07 107169.64843750
13061031 61.5601388888889 8.08832387983335 1.81560128636616e-07 104123.30468750
13061035 61.5880555555556 8.21319633869521 2.2866971475807e-07 99648.64843750
13061053 61.8153703703704 7.57648713821496 1.75533962970012e-07 135073.25000000
13061054 61.8375925925926 7.84606425163987 1.51274648889673e-07 127175.05468750
13061055 61.8641203703704 8.04572014374074 1.45221948513813e-07 119141.14843750
13061056 61.892650462963 8.2635191763519 1.58027132212783e-07 112732.19531250
13061059 61.917650462963 8.67462109419901 1.3532565721643e-07 108389.80468750
13061060 61.9392708333333 8.66477128847938 1.1835163627235e-07 104917.94531250
13061061 61.9837731481481 8.31925086713974 1.54596059539335e-07 86367.30468750
13062001 62.0091435185185 8.40240090731243 1.71563494496903e-07 88178.55468750
13062002 62.0290277777778 8.47154119202507 2.46353649924373e-07 85454.19531250
13062004 62.0473032407407 8.57299081041962 1.67116191556294e-07 82967.89843750
13062005 62.0665740740741 8.62058971747348 1.65652098837481e-07 81687.94531250
13062006 62.0861111111111 8.59490167427164 1.70898553267132e-07 77681.35156250
13062007 62.1053356481481 9.1184599902503 1.77549736685889e-07 75811.44531250
13062013 62.3057407407407 7.69776914563994 1.78480614571328e-07 139267.29687500
13062014 62.3252893518519 7.7609093153351 8.36299490885024e-07 133190.70312500
13062025 62.3902893518519 7.44933395624775 1.76048772585667e-07 176145.50000000
13062026 62.4101041666667 7.53356844911742 1.68554776122916e-07 153451.39062500
13062027 62.4324189814815 7.65301729457962 1.86257123194623e-07 141353.39062500
13062028 62.4516550925926 7.76617245157705 1.74807314452072e-07 134402.79687500
13062029 62.4721412037037 7.90553869111541 1.66639441438034e-07 128595.30468750
13062031 62.4934953703704 7.7392678939999 2.16077120206224e-07 123480.10156250
13062045 62.5428819444444 8.13836549383964 2.91085991513107e-07 111190.05468750
13062046 62.5513310185185 8.16387855795349 2.37233189083676e-07 110286.14843750
13062049 62.5809375 8.25667873714453 1.69394219666715e-07 181794.79687500
13062050 62.6003125 8.32530671067408 1.67538518408995e-07 176087.04687500
13062052 62.6238773148148 8.17150588765044 3.54204411185058e-07 171424.07812500
13062059 62.6526388888889 8.47504205124726 1.49657063462447e-07 164588.59375000
13062060 62.6751851851852 8.48582653218691 3.49160921071118e-07 159726.14062500
13062061 62.6795601851852 8.50460741094576 1.98612577833966e-07 159360.76562500
13062062 62.6929282407407 8.55530281582773 1.43970414340934e-07 156076.35937500
13062063 62.7174074074074 8.71601298328635 1.50731708961492e-07 151383.75000000
13063006 63.1131597222222 8.00275183768085 4.11259451528136e-07 160703.76562500
13063009 63.1271412037037 7.50287381280184 2.0007437902612e-07 234276.46875000
13063010 63.1456712962963 7.60979798467259 1.96951478346948e-07 222892.57812500
13063011 63.1639699074074 7.69602834361239 1.93013621940114e-07 214141.34375000
13063012 63.182337962963 7.76220850066462 4.13658113694302e-07 206875.32812500
13063020 63.2075925925926 7.88616983595859 5.21169191604294e-07 197318.29687500
13063022 63.2152777777778 7.93792144362373 1.84973284655752e-07 194492.07812500
13063023 63.2338425925926 8.00969153988492 1.82683036673959e-07 188225.40625000
13063030 63.2764930555556 8.16452498963511 1.76982202752158e-07 179150.28125000
13063031 63.2958796296296 8.23552376888724 1.75452731467846e-07 173628.17187500
13063032 63.3136226851852 8.30093203936245 1.74906397292172e-07 168876.32812500
13063033 63.3317708333333 8.29198261888419 1.11523772346008e-06 164140.28125000
13063034 63.3362268518519 8.1841158408599 1.4599103178735e-07 163972.40625000
13063035 63.360625 8.27817057853241 1.44883330045694e-07 158535.23437500
13063036 63.384224537037 8.562147639735 1.32177568688754e-07 152863.01562500
13063051 63.5432175925926 7.11715355463055 2.03758066814614e-07 246661.70312500
13063053 63.5670138888889 7.24261069886822 1.821552751575e-07 205664.65625000
13063054 63.5904050925926 7.34654123633169 1.88226872045938e-07 181000.84375000
13063059 63.7352662037037 7.50719516105264 1.83296269803389e-07 290392.15625000
13063061 63.7641898148148 7.61717836514922 1.69407441172475e-07 215903.04687500
13063062 63.7898842592593 7.71380409305144 1.68286534079229e-07 189499.28125000
13063063 63.8158680555556 7.75544634767048 3.69400006594025e-07 174218.70312500
13063065 63.8286111111111 7.61624253254521 2.33383135619343e-07 169206.15625000
13063067 63.8533217592593 7.69245230477825 2.34082964542432e-07 158543.12500000
13063068 63.8687152777778 7.95948278438565 1.73235763735088e-07 154383.76562500
13063071 63.8998148148148 7.81617084894644 3.15534144898361e-07 144629.25000000
13063072 63.9099189814815 8.07177373589744 2.1250865078459e-07 142431.07812500
13063073 63.9272569444444 8.14867205642922 1.69007542027689e-07 137912.26562500
13063074 63.9530787037037 8.20503782448087 1.86911919108648e-07 133573.20312500
13063076 63.9765740740741 8.26843141277575 1.5853090162112e-07 129244.00000000
13064001 64.0045833333333 8.32333324286131 1.86250192009415e-07 123710.04687500
13064002 64.025162037037 8.3965867094494 1.48588602186899e-07 121182.04687500
13064003 64.0565509259259 8.44618886622389 1.93316489539912e-07 116037.17187500
13064004 64.0752662037037 8.4720587110458 1.94032028099125e-07 112332.07812500
13064005 64.0948611111111 8.47443713573448 3.10661140454148e-07 110655.29687500
13064006 64.1056944444444 8.50782820877948 4.9601570647673e-07 108986.42187500
13064012 64.2054050925926 7.2694942027287 2.90781527921158e-07 280696.87500000
13064014 64.2214583333333 7.21445948331908 1.92142371891119e-07 243237.04687500
13064020 64.2631944444444 7.65146210191219 1.98626695219204e-07 199457.21875000
13064021 64.2822800925926 7.74486631764714 1.95730455647566e-07 190771.17187500
13064022 64.3005671296296 7.83852863963023 2.02753002081438e-07 180333.29687500
13064023 64.3190972222222 7.89088661736071 1.96014140658944e-07 171751.92187500
13064024 64.3378009259259 7.96632372696284 1.57254044581802e-07 165256.15625000
13064025 64.3648611111111 7.88450214907116 1.61577405458483e-07 156785.37500000
13064026 64.3890046296296 8.12937606841441 2.02487293452427e-07 150769.51562500
13064028 64.4306134259259 8.25361361886457 1.86925354257138e-07 140687.14062500
13064029 64.4503009259259 8.15248431246109 1.45452081766988e-07 136486.32812500
13064030 64.4785532407407 8.25104497606002 1.93251749185763e-06 131610.04687500
13064031 64.4792824074074 8.39577802401027 1.56136059766727e-07 131396.75000000
13064032 64.5052662037037 8.44121158482509 1.9317627117454e-07 127523.77343750
13064052 64.6147916666667 6.98079556598274 6.397953222325e-07 224253.34375000
13064055 64.624537037037 7.09828712579079 1.69924070260047e-07 206466.50000000
13064056 64.6543055555556 7.44786141086802 2.00606056744346e-07 180872.46875000
13064057 64.6756597222222 7.58131573786864 1.9769008003141e-07 171426.04687500
13064059 64.7300231481481 7.80091530029015 4.17215116551104e-07 150832.73437500
13064061 64.7390277777778 7.85925791814281 2.56524630542734e-07 147639.14062500
13064064 64.7561921296296 7.92587015252993 1.65105065032949e-07 142504.14062500
13064065 64.7844444444444 8.00925792850543 1.52259198873806e-07 135500.79687500
13064066 64.8165740740741 8.08485138887056 1.88335630229143e-07 128005.67187500
13064067 64.8398842592593 8.12498194781447 7.75425208012449e-07 122920.04687500
13064068 64.8436226851852 8.14193390379559 2.20504497867723e-07 121527.67187500
13064070 64.8635185185185 8.19019427782975 1.66215897166963e-07 116382.79687500
13064074 64.8950462962963 8.26348136066471 1.72455028358413e-07 111587.50000000
13064075 64.9209027777778 8.50604045977238 1.56364836865971e-07 107074.62500000
13065005 65.0997106481481 7.10922836746348 2.05695532619168e-07 257087.71875000
13065006 65.119537037037 7.2274686552964 2.10338938890917e-07 224281.00000000
13065007 65.1397453703704 7.3360991823734 2.11513119831908e-07 204694.92187500
13065008 65.1585300925926 7.44668558858741 2.10285739418771e-07 191782.37500000
13065009 65.1786111111111 7.54784725787048 2.07296632286572e-07 181542.00000000
13065013 65.2147916666667 7.68299940090602 6.17901374579078e-07 167272.62500000
13065014 65.2229513888889 7.71969796842544 2.05628273944277e-07 163121.17187500
13065015 65.2426041666667 7.79195931146197 2.03776184798201e-07 158118.50000000
13065016 65.2620717592593 7.87348272297452 1.99994841000484e-07 153021.01562500
13065017 65.2817708333333 7.95061804683215 1.99433769548555e-07 147147.37500000
13065018 65.3012152777778 7.85036703964183 1.93545017724734e-07 143276.37500000
13065019 65.3200231481481 8.08303139053933 1.76353542574084e-07 139190.10937500
13065020 65.3442361111111 8.01790007307082 1.72943552565744e-07 134811.51562500
13065021 65.366412037037 8.06281828375201 1.7328320959601e-07 130827.95312500
13065022 65.388275462963 8.27959182892638 2.30854662105313e-07 127436.87500000
13065046 65.6676851851852 7.2200587118934 1.64296483819883e-07 249991.54687500
13065047 65.6980555555556 7.33855469485729 2.07740599241724e-07 208362.50000000
13065048 65.7183564814815 7.44431773858594 1.81621506737806e-07 194025.96875000
13065049 65.7431944444444 7.54858133695884 1.80180620150797e-07 178998.20312500
13065050 65.7678472222222 7.6465290448074 1.78530661964856e-07 166150.82812500
13065051 65.8024884259259 7.81196974797627 3.43908702454975e-07 150992.70312500
13065052 65.8197337962963 7.86366712604832 2.03363218466144e-07 145571.32812500
13065053 65.8395601851852 7.89000695561308 1.8414786298676e-07 138135.45312500
13065055 65.8727199074074 7.80007031843781 1.97381129575921e-07 128868.75000000
13065056 65.8933217592593 8.00321872868204 1.79556703222359e-07 124502.02343750
13065058 65.9215740740741 8.06086425505324 2.12413623447129e-07 117553.97656250
13065059 65.9405324074074 8.09668789217183 2.06567664892433e-07 113600.02343750
13065060 65.9608217592592 8.15949654695337 1.67677544291678e-07 109843.57812500
13066021 66.1260416666667 7.5412041963486 2.34708819556014e-07 149173.73437500
13066022 66.1446643518519 7.60493052187365 2.35134585005732e-07 140785.89062500
13066023 66.1630324074074 7.69719219477049 2.33999868466299e-07 132984.64062500
13066024 66.1809490740741 7.74234909623524 2.36681561518435e-07 127166.29687500
13066025 66.2012384259259 7.80723123502033 2.34045567872663e-07 121958.22656250
13066026 66.2199768518519 7.87794098599231 2.32404414710782e-07 116086.54687500
13066027 66.2380671296296 7.94165580681624 2.29712766761091e-07 112497.97656250
13066028 66.2565856481481 7.99591378095085 2.2871219048814e-07 108520.32812500
13066029 66.2756018518518 8.03732490932561 2.28912411111213e-07 104370.85156250
13066030 66.2945949074074 8.08337664643717 2.26916320449569e-07 100967.92187500
13066031 66.3135185185185 8.12458363139966 2.25724130079262e-07 98204.89843750
13066033 66.3335532407407 8.17938544102802 2.21940782555576e-07 96555.77343750
13066034 66.3529050925926 8.07471823531419 2.11193804280233e-07 93749.29687500
13066035 66.3726736111111 8.27303814469766 2.085626000926e-07 90851.97656250
13066036 66.3941550925926 8.30817195509996 3.53957804713235e-07 89422.07812500
13066100 66.7947569444444 8.52227089967839 1.94595695099607e-06 145365.92187500
13066101 66.796712962963 8.26969146549997 2.26241545560738e-07 143799.75000000
13066102 66.807662037037 8.35081837236539 2.23387662442633e-07 138937.29687500
13066104 66.8199074074074 8.28294896972679 2.07380573575132e-07 134829.29687500
13066105 66.8372106481481 8.09317110057283 7.33507752479176e-07 131785.82812500
13066109 66.857962962963 8.22452221920298 1.40482795699461e-07 121705.42187500
13066110 66.8921643518518 8.23655866218488 1.33198649918298e-07 116355.14843750
13067001 67.0007523148148 7.28227729874988 1.86178959653471e-07 311350.84375000
13067002 67.0213310185185 7.41549144053994 1.71302138207416e-07 262315.53125000
13067003 67.0436111111111 7.51657981106186 1.75400814266569e-07 235196.82812500
13067004 67.0656365740741 7.65227169399635 1.73154680358847e-07 217943.21875000
13067005 67.086712962963 7.74507460938913 1.96555585984378e-07 205848.32812500
13067006 67.1046759259259 7.81422759786333 2.22050603665893e-07 196735.67187500
13067007 67.1255324074074 7.92067383723779 1.69346333330374e-07 186129.92187500
13067008 67.1459143518519 8.01474954890736 1.6832583230821e-07 178453.09375000
13067009 67.1665509259259 8.06876449267115 1.683789922792e-07 173430.67187500
13067010 67.186400462963 8.15260579505573 1.65990218984492e-07 167551.09375000
13067011 67.2063078703704 8.2037458895005 1.65467939145892e-07 161456.25000000
13067012 67.2266666666667 8.26230320841622 1.96207654683299e-07 157322.57812500
13067013 67.2444328703704 8.31193507733092 1.67523500334919e-07 153056.57812500
13067014 67.2643055555556 8.34581302086655 1.75276533581384e-07 150423.89062500
13067015 67.2823032407407 8.39437486599116 1.74024345582567e-07 145980.14062500
13067017 67.3016319444445 8.44354276406119 2.45303728832032e-07 142045.95312500
13068017 68.0834375 7.17947597129569 2.14639097662363e-07 212814.15625000
13068022 68.115162037037 7.35455192323509 2.49634666991462e-07 193186.59375000
13068023 68.1311226851852 7.452441474544 2.86541782918728e-07 186756.00000000
13068027 68.2084375 8.33351924476987 1.49307654409544e-07 153167.17187500
13068028 68.2340393518518 8.3131940330513 3.71287603589904e-07 145464.67187500
13068029 68.2588657407407 8.35129327757721 1.71484968260524e-07 140051.20312500
13068034 68.3090162037037 8.43968862530487 1.71061051950964e-07 131667.32812500
13068036 68.3314699074074 8.49241736256183 1.44005335509159e-07 127922.72656250
13068037 68.3587152777778 8.54363320038151 1.52163015937256e-07 124043.82812500
13068057 68.5772453703704 7.16899195394253 1.92019706882625e-07 310361.37500000
13068058 68.5967361111111 7.31227430689371 1.79908908638749e-07 278522.40625000
13068059 68.6174189814815 7.46787336178201 1.71268583957261e-07 257484.70312500
13068060 68.6395138888889 7.55485684384245 1.77294604062103e-07 241542.50000000
13068084 68.8781712962963 7.06881859720942 5.80462760334483e-07 280527.03125000
13068085 68.8810532407407 7.12187698344713 2.11007495299321e-07 274246.53125000
13068086 68.8993287037037 7.26361621948771 2.05246275691502e-07 250264.09375000
13068087 68.9182986111111 7.38015157753763 1.81448328495418e-07 234317.95312500
13068088 68.9410416666667 7.55829911771117 1.66361444835888e-07 219359.29687500
13068090 68.9684606481481 7.74065090031684 1.46897129909371e-07 205084.00000000
13069001 69.0017592592593 7.90050143033837 1.17745537827565e-07 191118.78125000
13069002 69.0464351851852 8.01652620075608 1.73808303429514e-07 178865.87500000
13069003 69.0671527777778 8.14418769941943 2.2045623395607e-07 172966.54687500
13069004 69.0829166666667 8.22832986322623 1.59047236794035e-07 167031.67187500
13069005 69.1054976851852 8.27262827612843 1.76758638306828e-07 161387.12500000
13069006 69.1283101851852 8.35149959136129 1.71919598630861e-07 155825.51562500
13069007 69.1473958333333 8.41755270849895 1.65962921562988e-07 151571.37500000
13069008 69.1684143518519 8.45516382404855 1.72032684834373e-07 147092.07812500
13069013 69.2701851851852 7.24076233770625 1.90563279090081e-07 284546.15625000
13069014 69.2903935185185 7.44133737455559 1.73213643561838e-07 256647.29687500
13069016 69.3187384259259 7.62004525298486 1.79347550948447e-07 235058.57812500
13069017 69.3382291666667 7.76468537081518 1.70466459036021e-07 222594.34375000
13069018 69.3592013888889 7.85483377473996 1.7166434486648e-07 212719.34375000
13069020 69.3820486111111 7.93747672454197 3.73005032284106e-07 201604.04687500
13069021 69.3905439814815 8.01817760966438 1.58896218499206e-07 197138.57812500
13069022 69.4124537037037 8.12128339898683 1.54186166556597e-07 190569.71875000
13069023 69.4364467592593 8.20439609379972 1.5432444499864e-07 183955.45312500
13069024 69.4585185185185 8.2716428188948 2.49791876946596e-07 176894.82812500
13069026 69.4725462962963 8.32849000389756 1.64835047210333e-07 173740.75000000
13069027 69.4919675925926 8.39502614176904 2.00844625453848e-07 169567.57812500
13069029 69.5214583333333 8.44759914413131 6.10017501319015e-07 161239.00000000
13069030 69.5234837962963 8.46926367496701 1.49649911991785e-07 160680.07812500
13069031 69.5459606481482 8.51343339530263 3.80625782692908e-07 153021.01562500
13069035 69.5540393518519 8.5435084091286 1.53775565361234e-07 150781.37500000
13069036 69.5751388888889 8.56941828622773 2.1360923690529e-07 145818.20312500
13069066 69.7859259259259 7.41136492465686 1.61124221823117e-07 284143.25000000
13069067 69.8110300925926 7.56047527937019 1.49023300310002e-07 263713.84375000
13069068 69.8385416666667 7.69874286185742 1.56012790660792e-07 245642.59375000
13069069 69.8627199074074 7.77239433242535 2.80831047184141e-07 233138.87500000
13069071 69.884212962963 7.87402216831025 3.4324984132118e-07 129479.64843750
13069073 69.8946412037037 7.94937596396119 1.40056952766755e-07 216819.45312500
13069074 69.9225 8.03883660999904 1.26941351656755e-06 206500.07812500
13070006 70.3053587962963 7.36405722775383 2.92280765047844e-07 274698.78125000
13070008 70.315775462963 7.48853255739739 1.5585900773099e-07 266472.90625000
13070010 70.3440393518519 7.66146308742884 1.43752570150662e-07 249977.71875000
13070011 70.3722685185185 7.79832070504442 1.82630882144408e-07 235974.96875000
13070012 70.3889814814815 7.89591610663125 1.4034990664465e-07 228795.84375000
13070014 70.4188657407407 7.92096088903957 3.41901810783081e-07 221749.04687500
13070015 70.4240162037037 7.92839437297864 8.15527996971007e-07 218119.00000000
13070016 70.4349189814815 8.01786092704052 1.60742504022152e-07 212691.70312500
13070017 70.4555555555556 8.09182248480283 1.57081358208662e-07 206099.15625000
13070018 70.4767824074074 8.14429654813216 2.92844855811224e-07 199891.71875000
13070019 70.4840972222222 8.18260083417493 7.56260852112227e-07 198396.65625000
13070020 70.4861689814815 8.22972668386535 1.5643113408904e-07 198135.95312500
13070021 70.5069097222222 8.30800351295167 3.56550415995864e-07 189088.46875000
13070022 70.511412037037 8.34039893429038 1.49336094645412e-07 189015.40625000
13070024 70.5438657407407 8.38278990177567 3.67561193894173e-07 179254.95312500
13070025 70.5484027777778 8.40768655141494 1.53171768803288e-07 180307.62500000
13070026 70.5688888888889 8.45993729613858 1.57285664523562e-07 174827.00000000
13070027 70.5889351851852 8.50552562739944 1.64792669176911e-07 170971.79687500
13070030 70.6127893518519 8.5127703534957 8.77701009371964e-07 165078.40625000
13070056 70.8806828703704 7.43359062445437 1.87175128272668e-07 237560.90625000
13070057 70.9048148148148 7.59810302565972 1.8633909621773e-07 226759.62500000
13070058 70.9274652777778 7.71982173953509 1.76497844970623e-07 214678.54687500
13070059 70.9514467592593 7.78247240390771 3.26430412887398e-07 206397.37500000
13070060 70.9628703703704 7.84428944236939 3.00842995296106e-07 200067.50000000
13070061 70.9783217592593 7.87781493324439 6.36921353051054e-07 196018.75000000
13071003 71.0089583333333 8.02322978534247 1.82320467307665e-07 186349.15625000
13071004 71.0290972222222 8.09860469892777 1.89893547692187e-07 181508.42187500
13071005 71.0469328703704 8.19461725546659 1.84546071934901e-07 178109.45312500
13071006 71.0648148148148 8.23550939822763 3.51779450234395e-07 174874.40625000
13071008 71.0767476851852 8.26749906709479 2.81566086604281e-07 172425.40625000
13071009 71.0923958333333 8.31093846846169 2.83435790627873e-07 167535.29687500
13071010 71.1020833333333 8.35753640385774 1.63904250779293e-07 169184.42187500
13071011 71.122025462963 8.38616807484763 1.62514589297228e-07 164882.87500000
13071012 71.1415625 8.43304847489018 1.5310296987109e-07 161136.29687500
13071028 71.5106018518518 7.26136436815958 1.99382652769147e-07 231527.28125000
13071029 71.5302430555556 7.3532955218277 2.05178022032645e-07 225408.71875000
13071031 71.5509490740741 7.47743883352612 1.84733586433697e-07 218901.09375000
13071032 71.5721875 7.5949446530761 1.76205552789148e-07 209800.29687500
13071033 71.5940856481482 7.69996105894421 1.79795798112688e-07 203504.00000000
13071034 71.6141666666667 7.3964148518791 3.63230154158225e-06 197403.21875000
13071037 71.6301041666667 7.69145605108146 2.16327346643663e-06 191521.67187500
13071038 71.6313888888889 7.84867538898534 3.25759062213825e-07 190935.09375000
13071040 71.6410069444444 7.87007399718892 9.04541812497618e-07 187506.50000000
13071041 71.6437268518518 7.92386191666946 1.43553811205814e-07 187599.32812500
13071042 71.6728587962963 8.01546229340424 2.03221960467351e-07 180898.15625000
13071043 71.6873611111111 8.07045591740369 1.6603545836201e-07 177787.53125000
13071045 71.7150578703704 8.15497972578828 1.55876577641705e-07 172065.95312500
13071046 71.7377083333333 8.21951278007417 2.36615714403562e-07 168236.42187500
13071048 71.7512731481481 8.06702797903339 2.11078643296632e-07 168135.70312500
13071050 71.7720949074074 8.31964176481586 1.47762997839365e-07 162542.50000000
13071051 71.7973263888889 8.36029591140115 2.94339900862707e-07 159173.14062500
13071055 71.8127083333333 8.41268330065893 1.65448887407091e-07 156034.87500000
13071064 71.9415856481481 7.30696622968399 1.89580114176775e-07 265716.50000000
13072001 71.9609837962963 7.33424224161571 1.96342318950215e-07 246391.12500000
13072002 71.9798032407407 7.4475484034224 1.84984695793136e-07 235425.92187500
13072003 71.9997453703704 7.55064547877772 1.74726410709931e-07 227071.67187500
13072004 72.0211689814815 7.6195374165889 2.16524257354431e-07 219550.87500000
13072005 72.0349421296296 7.71265018967104 1.72741992263609e-07 214643.00000000
13072006 72.0557060185185 7.76142052641117 3.68295555692778e-07 208060.32812500
13072007 72.0640740740741 7.81871789324344 1.73320199528911e-07 205852.28125000
13072008 72.0856134259259 7.91389041633138 1.58912912204548e-07 196960.82812500
13072009 72.1084027777778 7.99666720410529 1.7079314187205e-07 191859.40625000
13072010 72.1293287037037 8.03152042933286 1.78943970776267e-07 187279.37500000
13072011 72.1470138888889 8.10269385897341 1.69844571740151e-07 182849.45312500
13072014 72.1739236111111 8.17294505298413 2.22603427093953e-07 178879.70312500
13072015 72.1884837962963 8.21782027298831 2.05110039602252e-07 174623.57812500
13072016 72.2023726851852 8.26137293057925 1.39093991213946e-07 171068.57812500
13072017 72.2291203703704 8.3081846412138 1.65077777385895e-07 166747.28125000
13072018 72.2482175925926 8.36191548607312 1.65073132281958e-07 162445.71875000
13072019 72.2671759259259 8.39100608568502 2.33639330641525e-07 159929.57812500
13072020 72.2777199074074 8.41035893665947 2.08522096536697e-07 157215.92187500
