13041002 41.2118634259259 0.905950539028737 2.83539423547046e-05 1782.28125000
13041004 41.2254513888889 0.905757359835056 3.01058034758463e-05 1389.65625000
13041006 41.2336574074074 0.903813376846746 2.07686109915496e-05 1315.68750000
13041007 41.2461458333333 0.906637006194042 1.63018174228445e-05 1307.13757324
13041008 41.2656134259259 0.908424318295965 1.62603644621201e-05 1274.11877441
13041009 41.2993287037037 0.912483582912236 1.71670763354857e-05 1850.68127441
13041010 41.3140393518519 0.911702610080562 2.69512870055988e-05 1725.13122559
13041082 41.7666319444444 0.909802439047696 2.10960887387846e-05 2286.78735352
13041101 41.8104861111111 0.913700280432998 1.39841728060434e-05 2211.24389648
13041102 41.8277662037037 0.91405834938137 1.39494616431575e-05 2195.66235352
13041108 41.8582060185185 0.914055938840083 1.53780012912461e-05 2057.40014648
13041109 41.8818287037037 0.913991367373947 1.44559396924185e-05 1949.34375000
13041110 41.9000347222222 0.914105703520919 1.49217669023854e-05 1787.40002441
13041115 41.9295138888889 0.914430052770923 1.49371211782616e-05 1751.90625000
13041116 41.9480439814815 0.91463071333775 1.51420790143727e-05 1677.20617676
13041119 41.9763773148148 0.914513221108498 1.56248526744433e-05 1571.06250000
13042001 42.0006018518519 0.914724562938449 1.56095830268848e-05 1540.79992676
13042002 42.0195717592593 0.914580948409785 1.65410703398372e-05 1488.82507324
13042003 42.0381712962963 0.914461304087819 1.75350651772409e-05 1526.00622559
13042006 42.2619212962963 0.908662563946847 1.54678073467743e-05 1919.13757324
13042007 42.2790046296296 0.912177280690355 1.53645880496263e-05 1832.73742676
13042008 42.295462962963 0.913630527001728 1.54352150217483e-05 1775.25000000
13042013 42.3236805555556 0.914302167252487 1.53241569188235e-05 1642.44372559
13042015 42.3412962962963 0.914752020863217 1.51990261968887e-05 1652.56872559
13042016 42.359224537037 0.915189154936738 1.58056681876733e-05 1586.81250000
13042017 42.3832986111111 0.915498231929728 1.60074911048276e-05 1517.23132324
13042018 42.4010300925926 0.915359464812678 1.60360702234745e-05 1511.54992676
13042019 42.4187268518519 0.915445026466706 1.607582403653e-05 1490.17492676
13042020 42.4378587962963 0.915827868313166 6.46008488752425e-05 1444.50000000
13042023 42.4656018518519 0.915087484409255 1.99734316163795e-05 1405.96875000
13042024 42.5167592592593 0.912419285942127 1.69822879782211e-05 1320.24377441
13042025 42.5345023148148 0.91608348823935 1.68637867210609e-05 1295.77502441
13042026 42.5521064814815 0.915415167821146 1.7066395979247e-05 1265.51257324
13042027 42.5697916666667 0.915004522378858 1.70917754997816e-05 1257.41247559
13042046 42.8201157407407 0.909901883504507 1.13371980861174e-05 4199.68115234
13042047 42.8361111111111 0.912946944413873 1.11803272977595e-05 3947.06250000
13042048 42.8532175925926 0.914532063959561 9.71977169285523e-06 3682.01245117
13042049 42.8759027777778 0.915161835867749 1.14242166405526e-05 3418.36889648
13042050 42.8932986111111 0.914954215276123 1.62776677402815e-05 3309.58129883
13043005 43.2440972222222 0.909108382992425 1.17430826263284e-05 3924.00000000
13043006 43.2601157407407 0.909903384779076 1.21660254962922e-05 3475.01245117
13043011 43.2925694444444 0.912654164028109 1.24834354354642e-05 2926.18139648
13043012 43.3093171296296 0.913489746269285 1.26767460052566e-05 2723.68139648
13043013 43.3267824074074 0.914186476400162 1.29465430124847e-05 2534.73754883
13043017 43.3515509259259 0.91744688725242 1.64359242231256e-05 2353.05004883
13043023 43.411087962963 0.913916497594774 1.48411595914736e-05 2004.29992676
13043027 43.4334606481481 0.914736947647165 1.72645411770494e-05 1910.47497559
13043029 43.4469675925926 0.915150643082326 1.30289695911997e-05 1864.23742676
13043030 43.4680787037037 0.915493688787034 1.44836053974373e-05 1791.22497559
13043031 43.4885648148148 0.91532876343271 3.70731721468933e-05 1743.07507324
13043032 43.498900462963 0.91569700747474 1.47478673495862e-05 1671.13122559
13043034 43.5225347222222 0.91574449587544 2.33667200878193e-05 1615.89367676
13043035 43.53 0.915707232660653 1.48189404636056e-05 1624.38757324
13043044 43.6758912037037 0.910893913802577 1.10101194139195e-05 4168.57470703
13043046 43.6942824074074 0.913286852902988 9.83626353515428e-06 3818.86889648
13043047 43.7145833333333 0.914840591141889 1.10518525287795e-05 3595.27514648
13043048 43.7324189814815 0.916300473706797 1.10847754565227e-05 3445.81860352
13043049 43.7505787037037 0.916066527123526 1.12383708286514e-05 3277.29370117
13043050 43.7695023148148 0.916573120860702 1.13386200553784e-05 3145.38745117
13043051 43.7884259259259 0.914305166226119 6.73845407584475e-05 3013.59375000
13043052 43.7995717592593 0.916445616838541 1.17762658518764e-05 2793.15014648
13043053 43.8185300925926 0.916853151127913 1.19101857585552e-05 2682.56250000
13043054 43.8379282407407 0.916904419256991 1.20930580758708e-05 2540.08129883
13043055 43.8577199074074 0.917338754118593 1.24852617153748e-05 2300.51245117
13043056 43.8779513888889 0.917121649959852 1.293033379544e-05 2089.40625000
13043057 43.8980787037037 0.916959934309179 1.37580529419307e-05 1859.23132324
13043058 43.9279861111111 0.916833088714096 1.27122462898753e-05 2205.28125000
13043059 43.9476388888889 0.917480498628808 1.29467832966184e-05 2094.69360352
13043060 43.9673726851852 0.917300844079597 2.30419954704123e-05 2030.06250000
13043062 43.9848958333333 0.916696770389593 2.94757489153802e-05 2000.53125000
13043063 43.9899421296296 0.917305250199517 5.91746922865812e-05 1983.15002441
13044015 44.1919675925926 0.911070836917207 1.02487326924821e-05 3535.25610352
13044017 44.2143981481481 0.914366403914943 1.14315793574381e-05 3330.90014648
13044018 44.2323148148148 0.915481788413808 1.15219851473001e-05 3170.64379883
13044019 44.250462962963 0.915691451238542 1.17109752321206e-05 3006.50610352
13044020 44.2689814814815 0.915465235755805 1.33645409338109e-05 2875.05004883
13044021 44.2916666666667 0.914923772048734 1.21735840390771e-05 2701.29370117
13044022 44.3106018518519 0.915341902513681 1.21551376675945e-05 2676.76879883
13044023 44.3294791666667 0.915915237761118 1.23348978893423e-05 2542.16235352
13044024 44.3484490740741 0.915941387652301 1.25023943897404e-05 2428.03125000
13044025 44.3705671296296 0.915235355013272 1.26539077681469e-05 2339.94360352
13044026 44.3907291666667 0.916056831581403 1.96793083764128e-05 2267.55004883
13044029 44.4212847222222 0.916133737107362 1.57286140086341e-05 2129.06250000
13044030 44.4377662037037 0.916093286913658 1.30991063778558e-05 2103.58129883
13044031 44.4573842592593 0.915678327796977 1.66902328580857e-05 2062.74389648
13044034 44.4788310185185 0.916502976361681 2.93584944465318e-05 1980.22497559
13044118 44.896875 0.904891353722559 0.000507558666096662 4085.21264648
13044119 44.8989699074074 0.907457640266484 2.6095832385592e-05 4027.78125000
13044121 44.9038888888889 0.909850470044922 2.53226899893879e-05 3940.25610352
13044122 44.9093518518519 0.912222746804362 1.06064719138632e-05 3819.93750000
13044123 44.9283333333333 0.913704417220756 1.15288019944775e-05 3573.95629883
13044124 44.9458680555556 0.914019233094654 1.15778680727573e-05 3428.66235352
13044125 44.9660185185185 0.914494128427793 1.27894430146415e-05 3208.27514648
13044126 44.9884027777778 0.914368719572595 1.3228256970646e-05 3076.25610352
13045001 45.0033796296296 0.91450270998411 1.33131551513799e-05 3027.71264648
13045003 45.0184143518519 0.913468326623314 4.22991112821495e-05 2926.57495117
13045005 45.0433101851852 0.915211023343415 1.13421071910611e-05 2670.52514648
13045006 45.0693981481481 0.91525653378297 1.5208401009849e-05 2524.21875000
13045007 45.096400462963 0.915747298114734 1.16305010665455e-05 2454.58129883
13045012 45.1260300925926 0.916404829009153 1.48337959704789e-05 2384.83129883
13045029 45.1685532407407 0.921340495652954 1.34416055447402e-05 2165.28735352
13045056 45.4773842592593 0.912247146932566 9.83983476449211e-06 4668.69384766
13045123 45.8323958333333 0.904399396479246 1.48494046134997e-05 5744.41845703
13045133 45.8602893518519 0.912685871632108 1.00156530508182e-05 4853.75634766
13045134 45.8778356481481 0.91391417033795 1.00131767525667e-05 4527.73095703
13045135 45.8971643518518 0.914432766909327 1.26896603839243e-05 4216.72509766
13045138 45.9129050925926 0.913703014238291 1.0222336078036e-05 4131.28125000
13045139 45.9309143518518 0.913820698840992 1.65739572651328e-05 3946.10620117
13045145 45.9555439814815 0.913849713033266 1.04841064627339e-05 3692.13745117
13045146 45.9744212962963 0.915365742307285 2.71716306132041e-05 3590.94360352
13045164 45.9979513888889 0.916033971699341 1.05355053565458e-05 3490.53735352
13046001 46.0181365740741 0.916269339625862 1.0692863190295e-05 3400.08764648
13046002 46.0372800925926 0.91729872595639 4.12651209279137e-05 3277.46264648
13046003 46.0480324074074 0.916575923267062 1.17280380084163e-05 3237.97485352
13046004 46.0645833333333 0.916226629096956 1.2363102840601e-05 3183.97485352
13046008 46.1530439814815 0.907744462545286 2.39048717347036e-05 6431.17529297
13046009 46.1569444444444 0.905568554157066 7.8155864471489e-05 6228.39404297
13046010 46.1591550925926 0.90652665955421 2.65860472049239e-05 6095.19384766
13046011 46.1637615740741 0.909199797175553 1.0341863490497e-05 5972.51220703
13046012 46.1791435185185 0.914751238835489 9.05487930651448e-06 5299.76220703
13046013 46.1979166666667 0.916744993489384 8.86792984827072e-06 5077.06884766
13046014 46.219224537037 0.917137923425041 1.45543514547995e-05 4739.90625000
13046015 46.2290162037037 0.917389056062494 1.26861825636049e-05 4615.14404297
13046016 46.2416898148148 0.917803282446084 2.70380561593758e-05 4501.18115234
13046017 46.2453472222222 0.917540836451432 8.99000166462307e-06 4471.25634766
13046022 46.2714699074074 0.916871028192219 2.32249936564574e-05 4391.10009766
13046027 46.2865393518519 0.91799407836562 4.25190521229003e-05 4105.68750000
13046028 46.2887615740741 0.917877678737261 1.00261800042004e-05 4054.05004883
13046029 46.3071064814815 0.917908736367775 1.36301419565524e-05 3975.52514648
13046116 46.9579050925926 0.909789493593987 1.77720759379987e-05 5471.15625000
13046118 46.9664814814815 0.911432535515034 1.9717197062004e-05 5055.69384766
13046119 46.9764699074074 0.912450661001296 1.77766654113388e-05 4850.10009766
13046120 46.986087962963 0.91285580703334 1.57011524903971e-05 4696.59375000
13046121 46.9947337962963 0.913835827335907 1.50976390471716e-05 4572.11279297
13047002 47.0056828703704 0.913685839992516 1.14661508198754e-05 4577.00634766
13047003 47.0201157407407 0.913593746309574 1.74692563805892e-05 4378.05029297
13047004 47.0278240740741 0.91534720014267 1.81791615287755e-05 3423.88110352
13047014 47.1780092592593 0.894238897304881 5.98503701544244e-05 7673.17529297
13047018 47.1865972222222 0.905864276540424 3.18765009726508e-05 6991.53759766
13047021 47.1928356481482 0.912279405268499 1.51969715962107e-05 6654.76904297
13047022 47.1994560185185 0.914006232811906 2.65712800943778e-05 6394.33154297
13047023 47.2051041666667 0.915798437660789 8.73554497749389e-06 6222.43115234
13047024 47.2230671296296 0.916620858575443 1.71520981988253e-05 5809.78125000
13047026 47.2356828703704 0.917629846990315 1.07358442673536e-05 5605.70654297
13047027 47.2485763888889 0.91788355281992 1.18935841793568e-05 5422.83740234
13047028 47.2760069444444 0.918273738983638 1.30273019507608e-05 5068.63134766
13047029 47.2907407407407 0.917983541705666 1.16840207962434e-05 4927.44384766
13047030 47.3031134259259 0.918757862536482 1.16945588691326e-05 4708.96875000
13047031 47.3157523148148 0.918956384774097 1.11540054600093e-05 4575.65625000
13047032 47.3301273148148 0.918773454044369 1.11795117075529e-05 4454.94384766
13047033 47.3445138888889 0.91929859166217 3.50152647311954e-05 4356.78759766
13047034 47.3470023148148 0.918640547567424 1.13123689678877e-05 4341.48779297
13047035 47.3674537037037 0.918853079099119 1.00605877204824e-05 4162.10595703
13047036 47.3855671296296 0.919020248133653 1.17969903717923e-05 4045.55639648
13047037 47.3993055555556 0.918920218974517 1.04634890545015e-05 3968.43750000
13047039 47.4234027777778 0.918970071871949 1.03992688702331e-05 3752.71875000
13047040 47.4419097222222 0.918679479898442 1.2086795626048e-05 3614.23120117
13047041 47.455462962963 0.917784989833736 4.91467028818559e-05 3569.17504883
13047042 47.4574537037037 0.918803951515778 3.54575532137965e-05 3559.33129883
13047043 47.4596759259259 0.918547676038243 4.70129489050736e-05 3544.93139648
13047044 47.4615625 0.91718104749413 7.7813560562612e-05 3546.50610352
13047045 47.4627546296296 0.919370520554602 4.11194394893269e-05 3572.55004883
13047046 47.4652662037037 0.91519431092706 6.73397274127635e-05 3562.48120117
13047047 47.4669675925926 0.917921949815379 3.05299696580118e-05 3537.67504883
13047048 47.4703125 0.918613856050284 4.17639607081065e-05 3534.97485352
13047049 47.4724768518519 0.918484533259201 3.74473898702021e-05 3503.98120117
13047050 47.4749537037037 0.91813361611877 5.06296198503323e-05 3498.18750000
13047051 47.4774305555556 0.918463293645882 2.88634500199767e-05 3482.55004883
13047052 47.4805439814815 0.918848406355675 2.77271102299991e-05 3490.93139648
13047053 47.4851851851852 0.917269776151996 4.03889431741018e-05 3477.54370117
13047054 47.4875 0.918494066662433 1.9605218032748e-05 3471.75000000
13047055 47.4939351851852 0.911013212015071 3.16720759149321e-05 3451.89379883
13047121 47.947037037037 0.908341470131331 3.88704694006014e-05 7223.85009766
13047122 47.9509259259259 0.913081981600062 9.88665154847501e-06 6868.68750000
13047123 47.9650578703704 0.915797950648485 9.66360392364426e-06 6452.26904297
13047124 47.9796759259259 0.91693475213129 1.29269807675476e-05 6094.91259766
13047126 47.9904513888889 0.917276182643001 8.70009927913313e-06 5848.31250000
13048007 48.0213310185185 0.914935226920722 5.13455843066514e-05 5388.35595703
13048009 48.0253009259259 0.916239417211999 9.09174919776493e-06 5353.70654297
13048010 48.045462962963 0.916396762269484 2.21771463750099e-05 5122.40625000
13048011 48.0577430555556 0.916694563145354 9.47219396100658e-06 4790.47509766
13048012 48.0761458333333 0.916813965977355 9.53504808974652e-06 4697.55029297
13048013 48.0948958333333 0.916984894856411 9.83176994831176e-06 4438.57470703
13048014 48.1134259259259 0.917087983732032 9.85808369812615e-06 4429.23779297
13048015 48.1330092592593 0.917476534308623 1.00171772994809e-05 4224.09375000
13048016 48.1515972222222 0.917198623891205 1.01768434358726e-05 4073.51245117
13048017 48.1707986111111 0.917546812776213 1.9479786608698e-05 3976.31250000
13048018 48.184212962963 0.91703730067198 1.06196996129427e-05 3714.41235352
13048019 48.2026851851852 0.855487855847724 1.46788642104687e-05 3668.11889648
13048022 48.2307638888889 0.915939811756423 1.89150579285175e-05 2051.43750000
13048030 48.3642824074074 0.91508815713142 9.42961379919578e-06 7417.29345703
13048031 48.3784027777778 0.917369743949573 9.03030996227816e-06 6756.69384766
13048032 48.3942361111111 0.917981225729285 2.22200698810455e-05 6239.47509766
13048040 48.4162847222222 0.918796788291593 8.76473343174936e-06 5828.45654297
13048041 48.4344907407407 0.919628176217751 1.16684446348733e-05 5513.51220703
13048042 48.445787037037 0.919870012343181 9.02841493322068e-06 5321.08154297
13048043 48.4633680555556 0.919798736034268 1.19901619001638e-05 5060.25000000
13048044 48.4745486111111 0.91912157535595 2.45378446784946e-05 4926.76904297
13048045 48.4782407407407 0.919889848476583 1.94826270492751e-05 4918.33154297
13048046 48.4931597222222 0.919614459035764 5.06284458226241e-05 4594.05029297
13048049 48.5048726851852 0.920114682608063 9.73182203980919e-06 4548.60009766
13048050 48.522962962963 0.920265327504023 9.87156582756568e-06 4421.47509766
13048051 48.5409027777778 0.920372278838676 9.40214088328321e-06 4267.74365234
13048052 48.5608680555556 0.920076860523115 1.01992882661046e-05 4047.86254883
13048053 48.5789583333333 0.920020557131298 1.02382137098553e-05 4022.21264648
13048087 48.7585532407407 0.915586535418361 8.14878307633963e-06 8100.61865234
13048088 48.7761458333333 0.919551006882639 8.31808188596569e-06 7169.51220703
13048089 48.7936226851852 0.920316331416537 8.42631799956288e-06 6627.09375000
13048090 48.8122916666667 0.921420865720577 8.57063552874615e-06 6199.19970703
13048091 48.8344675925926 0.921615630997273 8.77027230040137e-06 5862.09375000
13048092 48.8530324074074 0.921742415033851 9.13035817671573e-06 5570.32470703
13048093 48.8787731481481 0.921664591691813 1.91511611127328e-05 5174.49365234
13049004 49.1253356481481 0.90265382379953 1.57950780574688e-05 7341.63720703
13049005 49.1318634259259 0.9055268646938 2.27121000296757e-05 6818.96240234
13049006 49.1360532407407 0.908249506035698 8.22646791857501e-06 6620.17529297
13049007 49.158912037037 0.909212765371544 4.51711171102896e-05 5830.42529297
13049017 49.1873726851852 0.914781452553675 2.25418023444569e-05 5173.42529297
13049031 49.2659143518519 0.915286002216979 1.04350551434258e-05 4180.21875000
13049032 49.2835185185185 0.915424340367313 1.56307322793072e-05 4073.34375000
13049035 49.2982523148148 0.918170947144461 1.03523829852256e-05 3999.09375000
13049039 49.3423148148148 0.918205156376265 1.06214156312994e-05 3703.21875000
13049041 49.3613541666667 0.918856187521926 2.28286267356331e-05 3527.38110352
13049042 49.3710300925926 0.91815658761167 1.20562921185073e-05 3446.77514648
13049044 49.387037037037 0.918240839167076 1.27999267534145e-05 3310.81860352
13049045 49.4041203703704 0.918186008354587 1.13189557127364e-05 3203.04370117
13049046 49.4225462962963 0.918074278886826 1.13077023299821e-05 3203.83129883
13049047 49.4409953703704 0.917959589145037 1.14630569783808e-05 3089.30639648
13049048 49.4596064814815 0.917749486325169 1.25395728197307e-05 3074.00610352
13049049 49.4753009259259 0.917899056396445 1.29836777235057e-05 2916.61889648
13049050 49.4942361111111 0.91864676851384 3.42098163466627e-05 2819.64379883
13049052 49.4990625 0.880222341368931 0.000682583095785158 2761.53735352
13049072 49.7058333333333 0.915718328302958 7.8917210003331e-06 8301.09375000
13049073 49.7244097222222 0.918218330158684 8.10978328590145e-06 7122.82470703
13049078 49.7503472222222 0.914415400251726 2.13620277792954e-05 6323.68115234
13049080 49.759537037037 0.915733065923359 8.62410347747314e-06 6108.41259766
13049081 49.778599537037 0.916958892076885 8.79057184334677e-06 5810.00634766
13049082 49.7975462962963 0.91699053254108 8.38428547955302e-06 5494.83740234
13049086 49.8266087962963 0.917976870425879 9.56880491736816e-06 5021.71875000
13049087 49.8456712962963 0.918346808788523 9.65379247680336e-06 4871.75634766
13049088 49.8636689814815 0.918258336963742 9.87870988027887e-06 4649.06250000
13049089 49.8818634259259 0.916744030287163 5.34042295648781e-05 4542.97509766
13049093 49.894375 0.91863623197295 9.79458091869702e-06 4434.86279297
13049094 49.9144560185185 0.918775661794103 9.91748307432621e-06 4291.59375000
13049096 49.9351273148148 0.919035652506085 1.60048188183436e-05 4150.74365234
13049098 49.9517824074074 0.918851054580721 1.02328474727694e-05 3986.32495117
13049099 49.9705787037037 0.91898158869415 1.05035773105255e-05 3847.44360352
13049101 49.9924884259259 0.919152682978466 1.06613475329993e-05 3693.76879883
13050001 50.010775462963 0.919161811526044 1.19894286192991e-05 3639.20629883
13050006 50.1337962962963 0.908810686907885 7.26345692966386e-06 8596.01269531
13050007 50.1603125 0.912543003513905 1.68120814416749e-05 6730.53759766
13050009 50.1779166666667 0.915920814095682 9.64391269880645e-06 6218.26904297
13050011 50.1969097222222 0.916707951309282 8.72997183496055e-06 5832.84375000
13050012 50.2193981481481 0.917152497042673 8.84967564417724e-06 5550.18750000
13050015 50.2592939814815 0.91756195749386 2.89260600920134e-05 5073.52490234
13050016 50.2625925925926 0.917310242231553 2.33439485630232e-05 5004.50634766
13050020 50.2785185185185 0.918063789895699 9.48138481231455e-06 4689.22509766
13050022 50.298287037037 0.918270338347161 9.60650063974415e-06 4560.58154297
13050023 50.3170138888889 0.91840272023266 9.74327160803141e-06 4387.05029297
13050025 50.3370601851852 0.918655666786885 1.79151428523847e-05 4237.70654297
13050026 50.3436574074074 0.91829720410992 1.42110499781527e-05 4164.18750000
13050027 50.3533449074074 0.918599217455325 1.79548934835701e-05 4111.53759766
13050028 50.3604050925926 0.917996700570353 1.2611454658968e-05 4116.88134766
13050029 50.3724884259259 0.914807765201205 1.08516411145968e-05 4008.59985352
13050031 50.3928009259259 0.91820486520045 1.95933064688414e-05 3832.19995117
13050032 50.4052430555556 0.91839783739133 1.04605778242424e-05 3721.27514648
13050033 50.4238657407407 0.918106165044784 1.65641707636406e-05 3587.68139648
13050036 50.4357060185185 0.918318650651125 1.06772441080179e-05 3542.40014648
13050037 50.4546643518518 0.918122980063836 1.71982546876047e-05 3459.88110352
13050038 50.4622685185185 0.918235006671717 1.08792604405051e-05 3393.90014648
13050039 50.48125 0.917953538821182 1.41292407895119e-05 3077.04370117
13050041 50.4948958333333 0.917028413483663 1.30903674832177e-05 2908.46264648
13050042 50.5095717592593 0.915547534566905 1.21268635327707e-05 2728.57495117
13050043 50.5285763888889 0.913403050950063 1.36606411156024e-05 2539.34985352
13050044 50.5450578703704 0.912482460675653 1.62829875477962e-05 2426.11889648
13050046 50.5750462962963 0.907436062908682 1.37483234286992e-05 2162.69995117
13050047 50.5940740740741 0.909030034138298 1.4074957134493e-05 2029.61242676
13050049 50.6138541666667 0.906484446658376 1.37509017280209e-05 1868.34375000
13050050 50.6361689814815 0.905035072943378 3.81447428036518e-05 1726.20007324
13051006 51.1352662037037 0.90116142751451 7.9491048194438e-06 7793.32470703
13051007 51.1566898148148 0.910385642818837 7.92020904136539e-06 6576.97509766
13051008 51.1793287037037 0.913927159267201 8.90804364782446e-06 5857.08740234
13051009 51.1983101851852 0.915427394317862 8.98002217315342e-06 5523.63720703
13051010 51.2171643518518 0.916314088327793 9.0600088074596e-06 5296.50000000
13051011 51.2360763888889 0.916646415276898 9.21355205973262e-06 5035.78125000
13051012 51.2556365740741 0.916465256368456 1.82926204088268e-05 4707.61865234
13051015 51.2746643518518 0.917168253372164 9.73740839931823e-06 4484.30615234
13051016 51.2930671296296 0.917319566921514 9.82763146042624e-06 4369.61279297
13051017 51.3119328703704 0.917464807646009 9.99588767290483e-06 4211.60595703
13051019 51.33125 0.91743172860515 1.07234026312557e-05 4101.01904297
13051020 51.3477083333333 0.917513150696825 1.01786856899414e-05 4011.69360352
13051021 51.3664814814815 0.917562393856567 1.09816614455574e-05 3825.00000000
13051022 51.3918171296296 0.918098201119124 1.06270049550113e-05 3648.59985352
13051023 51.4100578703704 0.918142567698665 1.05103640726844e-05 3708.95629883
13051024 51.4288194444444 0.918213720872675 1.43048580198631e-05 3556.91235352
13051026 51.4408680555556 0.918069122358659 1.07621405552459e-05 3515.84985352
13051028 51.4611689814815 0.918111115071063 1.43847258047457e-05 3387.82495117
13051068 51.5898148148148 0.911974203536781 9.92090894289852e-06 5505.86279297
13051069 51.606712962963 0.91649878483012 9.83648552078229e-06 4895.38134766
13051070 51.625 0.917850854937019 1.15250166936357e-05 4495.66845703
13051071 51.6384490740741 0.918475948983137 1.00405369401836e-05 4365.28125000
13051072 51.6563773148148 0.918563610223629 1.02325810778333e-05 4154.51220703
13051073 51.6743518518518 0.919330698307511 1.03260358224367e-05 4012.65014648
13051074 51.692650462963 0.919219168277548 9.79161171443732e-06 3878.88745117
13051080 51.7350810185185 0.922445985596159 7.86383973418705e-05 3471.46875000
13051081 51.7364467592593 0.919640267905121 1.90875878516671e-05 3409.36889648
13051083 51.7513425925926 0.919593049790105 1.11794222512039e-05 3323.36254883
13051084 51.7693171296296 0.919488881208086 1.42742319315144e-05 3304.46264648
13051085 51.7821296296296 0.919600162661943 1.11389525043464e-05 3280.83764648
13051086 51.8005324074074 0.919700297793472 1.12559759036469e-05 3162.59985352
13051087 51.8192592592593 0.919520125007769 1.24492413992935e-05 3096.11254883
13051088 51.834849537037 0.919364345510432 1.41786821179283e-05 3027.31860352
13051091 51.8538541666667 0.919688928217838 1.16537242162489e-05 2877.41235352
13051092 51.8724768518519 0.919663039784339 1.17415920680583e-05 2824.48120117
13051093 51.8913425925926 0.919611492782243 1.17586225237766e-05 2788.93139648
13051095 51.910775462963 0.920282268451879 3.46371325378275e-05 2657.86889648
13051099 51.9731712962963 0.9176303779723 8.60598315822683e-06 6390.16845703
13051100 51.9933101851852 0.919203570656608 3.38608688210648e-05 5760.16845703
13051102 51.9994444444444 0.919666668513219 5.76596215019385e-05 5627.98095703
13052001 52.0016087962963 0.919634625931534 8.88551655016945e-06 5629.05029297
13052002 52.0205324074074 0.919914662020185 9.0633138579017e-06 5279.34375000
13052003 52.0390856481482 0.920380453079785 9.24147753179556e-06 5004.22509766
13052004 52.0579398148148 0.920669768276826 9.41456277385427e-06 4825.57470703
13052005 52.0764930555556 0.920975038761014 1.07087886992927e-05 4707.00000000
13052009 52.116400462963 0.920821833986353 2.17582065953163e-05 4244.28759766
13052010 52.12125 0.921291544742768 9.92931184213287e-06 4201.53759766
13052011 52.1401273148148 0.92112761424932 1.01073786019678e-05 4094.21264648
13052012 52.158275462963 0.921118540848677 1.02113388345144e-05 4008.15014648
13052013 52.1767013888889 0.921090195854885 1.0374575760101e-05 3891.03735352
13052014 52.1963773148148 0.921180220501958 1.06386646376943e-05 3684.99389648
13052015 52.2150115740741 0.92117925147941 2.40013627389306e-05 3622.83764648
13052016 52.225162037037 0.921124311974351 1.23705202728339e-05 3367.18139648
13052017 52.2399537037037 0.92119892619128 1.12163384411339e-05 3208.05004883
13052018 52.2586574074074 0.921161526302924 1.17024923049987e-05 2844.78735352
13052019 52.2772569444444 0.921347475107547 1.18898203599939e-05 2799.67504883
13052020 52.2937268518519 0.920436564487504 1.0981729016481e-05 3313.91235352
13052021 52.3137384259259 0.920411137827099 1.08874137735497e-05 3300.58129883
13052022 52.3382638888889 0.920773737864359 3.26507180126608e-05 3192.30004883
13052036 52.5740625 0.911645100074505 1.36087956390056e-05 6704.04345703
13052037 52.5827083333333 0.913804847827195 8.6132803458569e-06 6439.61279297
13052039 52.6033912037037 0.914951552182722 8.75650182522766e-06 5950.68750000
13052042 52.6241087962963 0.915672112145634 9.20228394540881e-06 5549.17529297
13052043 52.6420023148148 0.915957500145463 9.29093642350544e-06 5332.05029297
13052045 52.6601157407407 0.916275603158605 9.45838558812729e-06 5100.35595703
13052046 52.6779050925926 0.91650664274535 9.75225005557968e-06 4958.21240234
13052047 52.6963310185185 0.916336853388313 3.85429089105578e-05 4716.39404297
13052048 52.6993171296296 0.916738392127402 9.8803946658393e-06 4651.87500000
13052050 52.7229861111111 0.917198887055824 1.00042568741305e-05 4459.50000000
13052051 52.7421759259259 0.917385267586068 1.00142452114129e-05 4420.01220703
13052052 52.7605787037037 0.917404551178936 1.0166509764326e-05 4268.25000000
13052053 52.7793055555556 0.918325146422111 1.07951788996842e-05 4172.17529297
13052054 52.8065046296296 0.918736002203455 3.74182010461682e-05 3991.55639648
13052056 52.8143402777778 0.917405469361908 1.89314388721394e-05 3963.65625000
13052061 52.8405787037037 0.918116368926092 1.57885796241252e-05 3802.78125000
13052063 52.8559722222222 0.611413043478261 0.00124348088205914 3757.78125000
13052088 52.9961111111111 0.918021355869738 8.09708524229683e-06 7279.59375000
13053004 53.0207523148148 0.919634064093471 8.32160772512098e-06 6653.47509766
13053005 53.0389583333333 0.920397421644095 8.60599739660979e-06 6175.35009766
13053006 53.0571527777778 0.920512353287926 8.66498274455974e-06 5946.01904297
13053007 53.0818634259259 0.920563439526863 8.98012968743845e-06 5483.69970703
13053010 53.1074768518518 0.920650833507551 1.5672922520844e-05 5289.30029297
13053012 53.1203125 0.920870479167304 9.15402464281664e-06 5186.30615234
13053013 53.1386805555556 0.920639261934327 1.08238060125671e-05 5020.19970703
13053015 53.1575810185185 0.920770092456575 9.46889719394699e-06 4845.93750000
13053021 53.1960648148148 0.920760395938934 2.17174333215626e-05 4578.30029297
13053023 53.2081944444444 0.919786966416904 1.15906191399957e-05 4524.52490234
13053027 53.2665972222222 0.92090103534933 1.03151623427839e-05 4021.19995117
13053028 53.2843865740741 0.920779128675625 1.03550752170143e-05 3956.56860352
13053029 53.3025115740741 0.904264340285144 1.54860977182295e-05 3863.19360352
13054004 54.042349537037 0.914306107273794 1.02978316670399e-05 9102.65625000
13054005 54.0564583333333 0.916452555159787 1.65047037815567e-05 8332.36816406
13054006 54.0621759259259 0.917543693894458 7.6400464296932e-06 8166.09375000
13054007 54.0822453703704 0.918056111062199 7.76237627106243e-06 7695.84375000
13054008 54.1009259259259 0.918274106521234 7.88049641310815e-06 7314.80615234
13054009 54.119849537037 0.918588370717695 8.09500421548958e-06 6879.26220703
13054010 54.1383796296296 0.918756953064943 8.23511820914675e-06 6613.59375000
13054011 54.1665972222222 0.919307674032016 8.50643203509749e-06 6110.94384766
13054012 54.1853356481481 0.919368774502869 8.61309442823486e-06 5922.78759766
13054013 54.2038773148148 0.919605647694006 8.69625864191565e-06 5717.81250000
13054014 54.2224074074074 0.919382564431245 8.86151776082056e-06 5526.61865234
13054015 54.2413541666667 0.919372715746845 8.9282769737342e-06 5390.88720703
13054016 54.2599652777778 0.919694008911021 9.04729438382085e-06 5210.04345703
13054017 54.2784375 0.919485395831142 2.5866190129848e-05 5055.86279297
13054018 54.2899305555556 0.919841329690846 9.28992846096465e-06 4875.63720703
13054019 54.3083564814815 0.919855577156405 8.87679588069945e-06 4821.97509766
13054020 54.3305902777778 0.919654385182054 1.25098338961988e-05 4622.79345703
13054022 54.3505208333333 0.920427807807903 3.99194460364922e-05 4505.11865234
13054023 54.3538078703704 0.919123263377677 2.00462577988318e-05 4486.05029297
13054042 54.5213194444444 0.916637492797776 8.53061849086488e-06 6692.39990234
13054043 54.5405902777778 0.918067212612338 8.7881007628981e-06 6075.67529297
13054044 54.5585185185185 0.918285131337724 8.94517818930191e-06 5767.36865234
13054045 54.5784837962963 0.918089779244792 3.22956949360484e-05 5422.27490234
13054047 54.5844097222222 0.918567614754909 2.4517501417742e-05 5356.85595703
13054050 54.6018287037037 0.919339626309915 1.61572766290247e-05 5085.61865234
13054056 54.6159722222222 0.933197126188027 0.000131971902183296 4974.69384766
13054057 54.6209490740741 0.948913043478261 0.000312100286204208 4868.71875000
13054058 54.6226736111111 0.919391435210323 1.04901731855896e-05 4923.11279297
13054060 54.6442824074074 0.919430146793801 1.01925458409112e-05 4642.03125000
13054061 54.6619444444444 0.919172977773653 1.03861298374076e-05 4477.55615234
13054062 54.6785532407407 0.917681179994956 1.04954206657999e-05 4383.61865234
13054063 54.6957407407407 0.916703390263743 9.85484666362262e-06 4182.41259766
13054064 54.7180787037037 0.918922648400298 9.8928361154421e-06 4078.63110352
13054065 54.7382291666667 0.918867661228375 1.00550235969794e-05 3943.23754883
13054066 54.7578356481482 0.919064581280712 1.51247803439312e-05 3856.78125000
13054068 54.7763888888889 0.919457905124614 1.02228757852541e-05 3739.05004883
13054069 54.7978472222222 0.917933599867618 1.04084116069326e-05 3637.85620117
13054070 54.8178587962963 0.917546269865568 1.06155138029039e-05 3505.05004883
13054071 54.8383101851852 0.917896739559924 1.15472267345977e-05 3386.75610352
13054083 54.943599537037 0.918039913842457 7.91531620245761e-06 7836.52490234
13054084 54.9631712962963 0.919287435554362 8.02991555391241e-06 7194.93750000
13054085 54.9823611111111 0.919641674644878 8.17144098414034e-06 6757.25634766
13055001 55.0017939814815 0.919628452931942 8.06334054213051e-06 6361.31250000
13055004 55.0384722222222 0.920123756800313 1.18472867806103e-05 5794.53759766
13055006 55.0554166666667 0.920089920491338 9.76029023957766e-06 5439.76904297
13055007 55.0713888888889 0.920094623834565 9.92015981775962e-06 5253.46875000
13055008 55.0871875 0.919964213626424 9.98037186328055e-06 5103.56250000
13055009 55.1033796296296 0.92023420378154 9.97813199149345e-06 4977.78759766
13055010 55.1195023148148 0.920233988311845 1.01111002627675e-05 4804.42529297
13055011 55.1361574074074 0.920087191272858 1.02633160076732e-05 4631.51220703
13055014 55.1678125 0.920390086059611 2.68518238364331e-05 4379.90625000
13055015 55.1768865740741 0.920256512076784 1.16740897466318e-05 4265.26904297
13055016 55.1920601851852 0.920192870588247 1.0776478175455e-05 4175.66259766
13055017 55.2088194444444 0.920034648965937 1.0917508416952e-05 4016.25000000
13055018 55.2256018518518 0.920080617937139 1.10722766803097e-05 3897.33764648
13055019 55.2418981481481 0.919584569838661 1.11520594661227e-05 3824.71875000
13055020 55.2584259259259 0.919755738424087 1.12464248190264e-05 3727.63110352
13055021 55.2746875 0.919822670980828 1.13209607098592e-05 3651.46875000
13055022 55.2911342592593 0.918942342548207 1.1472906407665e-05 3566.47485352
13055023 55.3075462962963 0.919408865833828 2.74101667475597e-05 3535.81860352
13055024 55.3117708333333 0.919502078595736 2.82134974591127e-05 3473.26879883
13055034 55.409837962963 0.916852886330631 9.59961343178933e-06 6178.38720703
13055035 55.4258101851852 0.917713030441159 9.22533760698571e-06 5349.76904297
13055036 55.4448842592593 0.918103754787353 9.73108963135774e-06 4758.41259766
13055037 55.4638888888889 0.918581413906034 1.0143550296302e-05 4286.98095703
13055038 55.4823263888889 0.918269454472161 1.05057427767613e-05 3906.90014648
13055039 55.5007407407407 0.918395414286267 1.80282332182679e-05 3675.31860352
13055068 55.639375 0.916923475643783 8.31953601825358e-06 6908.90625000
13055069 55.6577777777778 0.919074254695293 8.37391349990654e-06 6601.16259766
13055070 55.676099537037 0.919826115017045 1.91907014489569e-05 6283.12500000
13055071 55.6845717592593 0.919670304848051 8.51575888121018e-06 6154.48095703
13055072 55.7048032407407 0.919300706145863 3.63263336345891e-05 5770.80029297
13055073 55.7104282407407 0.919858031602312 8.77510943853821e-06 5695.98779297
13055075 55.7422453703704 0.920055401340317 8.92766481320056e-06 5411.47509766
13055076 55.7613310185185 0.920472889684743 1.07239307571969e-05 5402.30615234
13055080 55.8021527777778 0.920593691796347 9.27798377030332e-06 4955.90625000
13055081 55.8220486111111 0.920716337598166 9.45433060238005e-06 4773.65625000
13055082 55.8419907407407 0.920585764588982 1.44830547818145e-05 4627.85595703
13055086 55.8700925925926 0.920621796499846 2.68772141357471e-05 4221.73095703
13055087 55.8815509259259 0.92080953100096 9.7875085977322e-06 4189.55615234
13055088 55.9010185185185 0.921029991386105 9.87655532287534e-06 4111.19970703
13055089 55.920625 0.920971691781782 9.14302939747135e-06 4129.48095703
13055090 55.9434837962963 0.920838160765389 1.57886457208923e-05 4046.17504883
13056004 56.033275462963 0.902739104494231 2.28405287060997e-05 6671.69970703
13056005 56.0721759259259 0.91270372592933 1.07258585143778e-05 5081.23095703
13056007 56.0906018518519 0.914176143226074 1.44787489812096e-05 4647.54345703
13056008 56.1018055555556 0.915038190752516 1.23235381651541e-05 4454.32470703
13056011 56.1215509259259 0.915874657890261 1.06092293159483e-05 4096.46240234
13056012 56.1398611111111 0.915985491725139 1.7917028211337e-05 3846.88110352
13056017 56.2135069444444 0.915478502766164 8.40398662526356e-06 7470.39404297
13056020 56.2377199074074 0.919239427810946 8.87301826170178e-06 5919.75000000
13056021 56.2564583333333 0.919905152344367 9.43007370139537e-06 5153.56884766
13056022 56.2753935185185 0.920480512802792 9.80195385935476e-06 4649.00634766
13056023 56.2933680555556 0.921016417900595 1.00677365817273e-05 4334.85009766
13056024 56.3116319444444 0.920985756176669 1.04037644109403e-05 4023.44995117
13056025 56.3297916666667 0.920972685993507 2.3921035438733e-05 3735.44995117
13056026 56.3379282407407 0.921136245168638 2.04153989996075e-05 3626.88745117
13056027 56.3461805555556 0.921327611234084 1.08541545185889e-05 3585.71264648
13056028 56.3652430555556 0.921416446180839 1.13012472145576e-05 3254.51245117
13056029 56.3840856481482 0.921247684781773 1.15054433590206e-05 3067.19995117
13056030 56.4025115740741 0.921366683616999 1.17176448758426e-05 2911.78125000
13056031 56.4210532407407 0.921242057132732 1.19250118628082e-05 2763.22485352
13056032 56.4400925925926 0.921347283980161 2.76770630273705e-05 2599.42504883
13056033 56.4452083333333 0.921162420045159 1.21784956171598e-05 2587.44360352
13056034 56.464525462963 0.92052253208547 4.61628083816354e-05 2454.86254883
13056035 56.4745486111111 0.921118776506813 1.26891488630128e-05 2287.46264648
13056037 56.4950231481481 0.921128476450352 1.29400423873629e-05 2164.38745117
13056038 56.5140162037037 0.921045158223934 1.30450838228381e-05 2088.28125000
13056039 56.533912037037 0.921050007029263 1.4757868557906e-05 1982.19372559
13057005 57.0772106481481 0.91293759505514 8.25514374280857e-06 7652.86865234
13057006 57.0954050925926 0.916425755264014 9.49838909578807e-06 6918.18750000
13057007 57.1107175925926 0.917424715585058 8.20231575743198e-06 6653.30615234
13057008 57.1301967592593 0.918138070264242 8.28595920570178e-06 6258.43115234
13057009 57.149537037037 0.918821386008146 8.39039790041822e-06 5990.17529297
13057010 57.168912037037 0.918999652290886 8.52739082036833e-06 5827.05029297
13057011 57.1880208333333 0.91893546013072 1.91197972800806e-05 5603.73779297
13057014 57.2029282407407 0.919477487656247 8.81906970497272e-06 5243.79345703
13057015 57.2221180555556 0.920115732401105 8.85901299181492e-06 5072.17529297
13057016 57.2485185185185 0.920205134291015 8.96717101739344e-06 4959.67529297
13057017 57.2680787037037 0.92000421828251 8.96567995120754e-06 4959.67529297
13057018 57.288912037037 0.920242321535565 8.88220674474856e-06 4959.67529297
13057019 57.3103472222222 0.919943223604471 1.23733454957321e-05 4959.67529297
13057021 57.3260532407407 0.920396919415612 8.82179315204119e-06 4959.67529297
13057022 57.3479513888889 0.920378374352587 8.79091299090877e-06 4959.67529297
13057023 57.3709027777778 0.920377063555955 8.75834521906632e-06 4959.67529297
13057024 57.3959953703704 0.920101876507816 8.76460366043586e-06 4959.67529297
13057025 57.4198611111111 0.919958115795503 8.70143228853566e-06 4959.67529297
13057026 57.444375 0.919631601320775 8.68681942819065e-06 4959.67529297
13057027 57.4718865740741 0.920330894335442 1.68536000282392e-05 4959.67529297
13057038 57.671087962963 0.971273304398158 0.000198270950589472 4959.67529297
13057039 57.6739930555556 0.973369577717003 0.000159889666802947 4959.67529297
13057042 57.6781481481482 0.915684330470171 8.94663787025389e-06 6035.62500000
13057044 57.714837962963 0.917725310901932 8.84002811428701e-06 5568.75000000
13057045 57.7340162037037 0.917929333091093 8.93502846448716e-06 5398.76220703
13057046 57.7531597222222 0.917849955695287 9.07423585178646e-06 5215.50000000
13057047 57.7724537037037 0.918128815452085 1.06149350799412e-05 5075.94384766
13057048 57.7901157407407 0.921370490825452 1.05995057819316e-05 4836.54345703
13057049 57.8069444444444 0.918648668439931 9.3383792096121e-06 4733.26904297
13057050 57.8271875 0.918794407410595 9.44630261607392e-06 4589.66259766
13057051 57.8466319444444 0.918607234088929 9.56297919822834e-06 4471.42529297
13057052 57.8663773148148 0.918912352436391 9.61140372616339e-06 4342.78125000
13057053 57.8856944444444 0.918995836403473 9.24988548517321e-06 4243.66845703
13057055 57.9127893518518 0.918781456077186 9.97587241119651e-06 4018.50000000
13057056 57.9328703703704 0.919024061415247 1.00857145099309e-05 3931.31250000
13057057 57.9527199074074 0.919321537457198 1.01324678365346e-05 3836.64379883
13057058 57.9720138888889 0.919115338663723 1.45975162634698e-05 3759.80639648
13058002 58.01125 0.919560654895285 1.0562964137744e-05 3489.80639648
13058003 58.0302777777778 0.907192831924011 1.0558195893164e-05 3424.72485352
13058008 58.228125 0.916701764306186 7.49841745625665e-06 8257.04980469
13058013 58.281712962963 0.918487219674195 7.64376593878084e-06 7192.91259766
13058014 58.3034837962963 0.918765307476702 7.77303749774929e-06 6820.08740234
13058015 58.3233564814815 0.918435122774658 1.17032105620967e-05 6579.11279297
13058016 58.3376041666667 0.918774448738182 7.96294991576227e-06 6310.68750000
13058017 58.3576388888889 0.918983935945257 8.03956135224802e-06 6078.93750000
13058018 58.377974537037 0.918562226811613 8.14845910942527e-06 5920.42529297
13058019 58.3988310185185 0.918952547820836 8.18857417500943e-06 5749.42529297
13058020 58.4198611111111 0.918981395348565 8.27563497350653e-06 5567.17529297
13058022 58.4424652777778 0.919903144213116 4.40570951969941e-05 3595.38745117
13058023 58.4453009259259 0.919141424259201 9.61087716338983e-06 5376.37500000
13058025 58.4660300925926 0.919260698351752 8.65724451637964e-06 5171.23095703
13058026 58.486724537037 0.919262817236344 8.82828932634448e-06 4986.33740234
13058028 58.5086921296296 0.918927692522569 8.89075869641498e-06 4857.24365234
13058029 58.5288888888889 0.919101948334641 8.95882004639386e-06 4760.60595703
13058030 58.5492939814815 0.918250255058824 5.08684118765667e-05 4632.97509766
13058031 58.5507175925926 0.919323053959369 9.00643355826883e-06 4621.27490234
13058032 58.5715393518518 0.897781111602892 1.27984845868897e-05 4492.57470703
13058047 58.9937962962963 0.821739089243205 0.000446134943426734 7199.66259766
13058048 58.9955555555556 0.964285763827709 0.000185089682770586 7024.55615234
13059003 59.0320601851852 0.906176217526466 4.28620733235525e-05 5884.93115234
13059004 59.0350810185185 0.909739503588922 1.94534650085718e-05 5844.26220703
13059005 59.0435648148148 0.910857963958364 9.65974078384147e-06 5676.80615234
13059006 59.0605092592593 0.91208599861367 9.60079834333479e-06 5446.80029297
13059007 59.078599537037 0.912783101312577 9.69348522653306e-06 5225.23095703
13059008 59.0961342592593 0.913711933889657 1.09810060179701e-05 5064.86279297
13059009 59.1135416666667 0.913227882119578 9.87944352011877e-06 4789.51904297
13059010 59.1316666666667 0.913881158368834 9.84162424476572e-06 4630.83740234
13059011 59.1509259259259 0.914689851552463 9.79163859145779e-06 4549.78125000
13059012 59.1702430555556 0.915055624702488 9.87671781517527e-06 4391.55029297
13059013 59.1889814814815 0.915279724388302 9.84697479332909e-06 4334.96240234
13059014 59.2081597222222 0.915441791880948 9.98191088018398e-06 4212.50634766
13059015 59.2272916666667 0.915375111576394 1.43357314598316e-05 4072.10620117
13059016 59.2407986111111 0.91565145112519 1.01829669242458e-05 4004.32495117
13059017 59.2599189814815 0.916193916431328 1.02503617199724e-05 3907.23754883
13059018 59.2796990740741 0.916676218733797 1.03636099128831e-05 3781.12500000
13059019 59.2992824074074 0.916669467196012 4.2130978300007e-05 3715.98754883
13059020 59.3017361111111 0.917086940222841 1.03791724448695e-05 3673.91235352
13059021 59.3209837962963 0.917332371871452 1.04037325723347e-05 3611.69995117
13059022 59.3400694444444 0.917805046309625 1.05023570495298e-05 3511.34985352
13059023 59.3597569444444 0.917761410518808 2.80270604360964e-05 3447.95629883
13059025 59.3686226851852 0.917996077712662 1.07281823357766e-05 3356.83129883
13059026 59.3878703703704 0.917908232149949 1.07699059369897e-05 3323.75610352
13059027 59.4073611111111 0.880676907780659 1.70803968522702e-05 3273.97485352
13059035 59.4855902777778 0.907517800859451 1.84524535264061e-05 7522.93115234
13059036 59.4904513888889 0.912299433379265 6.0502009929117e-05 7295.17529297
13059037 59.4918402777778 0.908629359166925 8.02719476707376e-06 7281.73095703
13059038 59.5114699074074 0.909166011248476 8.06393672954501e-06 6957.89990234
13059039 59.532037037037 0.910056303760236 2.17997362054339e-05 6534.56250000
13059076 59.7579050925926 0.912297095822083 8.21832733847829e-06 57858.30078125
13059077 59.7780787037037 0.914989357327739 7.09550063189855e-06 53408.25000000
13059078 59.8059259259259 0.915264610015783 7.1426613519803e-06 50530.50000000
13059079 59.8325578703704 0.914758346917075 8.42799392268127e-06 48011.40234375
13059080 59.8527314814815 0.914782792478321 9.95992625221526e-06 45810.00000000
13059082 59.8722453703704 0.91508826408626 7.62662003548949e-06 43256.25000000
13059083 59.8982523148148 0.914863457058238 7.73781915099119e-06 41594.84765625
13059084 59.924525462963 0.914633785292222 2.33477188674776e-05 39961.80078125
13059085 59.92875 0.914339873820012 7.88471670011191e-06 39761.55078125
13059086 59.9544444444444 0.914207367992775 8.36063154649134e-06 38278.80078125
13059087 59.9783101851852 0.91317062280738 1.15550716841814e-05 37412.09765625
13060001 60.009212962963 0.918482528199539 8.24004394922792e-06 34533.00000000
13060002 60.034375 0.917612857936038 8.3818800714932e-06 33430.94921875
13060003 60.0592939814815 0.91774372302518 1.27035851960898e-05 32667.75000000
13060007 60.2014814814815 0.91400251032013 1.32240837740686e-05 48070.34765625
13060008 60.2115856481481 0.915248919960969 8.87984691912001e-06 46529.55078125
13060009 60.2294212962963 0.91555696024805 8.88616632897428e-06 45279.90234375
13060010 60.2478703703704 0.916042884212895 3.65635993255832e-05 42887.69921875
13060011 60.2507407407407 0.916580907988332 8.7517199373323e-06 42386.40234375
13060012 60.2712384259259 0.915421075568026 9.86827415596857e-06 41228.55078125
13061024 61.478275462963 0.914258594767005 8.35334609998239e-06 48974.84765625
13061025 61.4978819444444 0.914828246735967 9.45620540245e-06 46324.34765625
13061026 61.5141203703704 0.914750736342743 4.22432156706718e-05 44764.19921875
13061029 61.5194675925926 0.915672914857418 8.6427675294282e-06 44366.84765625
13061030 61.5389930555556 0.91487233456372 8.89457193428501e-06 41935.94921875
13061031 61.5601388888889 0.913398982667905 9.00084240776792e-06 40743.90234375
13061035 61.5880555555556 0.912735275708169 1.22119564438047e-05 38992.94921875
13061053 61.8153703703704 0.905375701205836 7.86107772206949e-06 52854.75000000
13061054 61.8375925925926 0.90043366962933 7.60756395938261e-06 49764.15234375
13061055 61.8641203703704 0.900999137747677 7.74078546928173e-06 46620.44921875
13061056 61.892650462963 0.898283273217252 9.12776619252145e-06 44112.59765625
13061059 61.917650462963 0.887926642760005 9.20190833595159e-06 42413.40234375
13061060 61.9392708333333 0.896273137668654 8.24191173844127e-06 41054.84765625
13061061 61.9837731481481 0.915642026647713 8.43845673045828e-06 33795.90234375
13062001 62.0091435185185 0.914027450986236 9.67752667271158e-06 34504.65234375
13062002 62.0290277777778 0.913607816534584 1.42035673112082e-05 33438.59765625
13062004 62.0473032407407 0.912408847852705 1.00063404026392e-05 32465.70117188
13062005 62.0665740740741 0.912706872291551 1.00600367219423e-05 31964.84960938
13062006 62.0861111111111 0.915898236609999 1.01158436204558e-05 30397.04882812
13062007 62.1053356481481 0.885266745044518 9.93916968040222e-06 29665.34960938
13062013 62.3057407407407 0.912997451300886 8.058171296397e-06 54495.90234375
13062014 62.3252893518519 0.915028088122074 3.81163000598435e-05 52118.09765625
13062025 62.3902893518519 0.916660150669382 7.16399004076954e-06 68926.50000000
13062026 62.4101041666667 0.919510957581296 6.95775286923676e-06 60046.19921875
13062027 62.4324189814815 0.91993896519121 7.96913817250826e-06 55312.19921875
13062028 62.4516550925926 0.919984606016391 7.77025041026161e-06 52592.40234375
13062029 62.4721412037037 0.91967027726572 7.77509682980898e-06 50319.90234375
13062031 62.4934953703704 0.920716115768251 1.04245494298856e-05 48318.30078125
13062045 62.5428819444444 0.92019334684534 1.45812972899555e-05 43509.15234375
13062046 62.5513310185185 0.919767448545366 1.20127068210211e-05 43155.44921875
13062049 62.5809375 0.919824956269517 8.87718159564518e-06 41421.59765625
13062050 62.6003125 0.919681336208076 8.98032644309217e-06 40121.09765625
13062052 62.6238773148148 0.919326439852681 1.96542079675059e-05 39058.65234375
13062059 62.6526388888889 0.91928389711858 8.42020275279362e-06 37501.19921875
13062060 62.6751851851852 0.918787898760656 1.97664082530686e-05 36393.30078125
13062061 62.6795601851852 0.919759464051779 1.12485965330628e-05 36310.05078125
13062062 62.6929282407407 0.919169620256585 8.300584061715e-06 35561.69921875
13062063 62.7174074074074 0.910308854942753 8.72144019728128e-06 34492.50000000
13063006 63.1131597222222 0.915520952133103 2.09975004879184e-05 36616.05078125
13063009 63.1271412037037 0.919888294017875 8.17275861054163e-06 53379.44921875
13063010 63.1456712962963 0.920900050017567 8.28721445788454e-06 50785.65234375
13063011 63.1639699074074 0.920725594541913 8.3683452060802e-06 48791.69921875
13063012 63.182337962963 0.920490391922382 1.83536744633594e-05 47136.15234375
13063020 63.2075925925926 0.921191682790236 2.36118255538479e-05 44958.59765625
13063022 63.2152777777778 0.920986934662932 8.67458765730177e-06 44314.65234375
13063023 63.2338425925926 0.921218373788678 8.76562501402119e-06 42886.80078125
13063030 63.2764930555556 0.921165638930576 8.92593465117731e-06 40819.05078125
13063031 63.2958796296296 0.921005041830037 9.06045494973795e-06 39560.84765625
13063032 63.3136226851852 0.921285919205665 9.20303206733219e-06 38478.15234375
13063033 63.3317708333333 0.923737881133101 5.7672641857019e-05 37399.05078125
13063034 63.3362268518519 0.921217734904729 8.04359447456367e-06 37360.80078125
13063035 63.360625 0.920880413776847 8.22345382660354e-06 36121.94921875
13063036 63.384224537037 0.920797686811619 7.5388624828625e-06 34829.55078125
13063051 63.5432175925926 0.914119073372235 8.32163810524664e-06 56201.40234375
13063053 63.5670138888889 0.917000518675273 7.64128610464904e-06 46860.30078125
13063054 63.5904050925926 0.918595242598171 8.10119171708808e-06 41240.69921875
13063059 63.7352662037037 0.903893962746451 8.07222869507976e-06 66165.30468750
13063061 63.7641898148148 0.91194446386357 7.54953525450913e-06 49193.09765625
13063062 63.7898842592593 0.915753548393303 7.59604186543878e-06 43177.05078125
13063063 63.8158680555556 0.916920662711018 1.67893762484927e-05 39695.40234375
13063065 63.8286111111111 0.918144821249855 1.098916565083e-05 38553.30078125
13063067 63.8533217592593 0.919604251639305 1.11992408452257e-05 36123.75000000
13063068 63.8687152777778 0.91996276202363 8.25720768647807e-06 35176.05078125
13063071 63.8998148148148 0.920940952659691 1.55721998358476e-05 32953.50000000
13063072 63.9099189814815 0.920697731645202 1.04648062789902e-05 32452.65039062
13063073 63.9272569444444 0.920489402237244 8.53245137804876e-06 31423.04882812
13063074 63.9530787037037 0.920646701540375 9.59865222622013e-06 30434.40039062
13063076 63.9765740740741 0.920847019575885 8.3071559807149e-06 29448.00000000
13064001 64.0045833333333 0.921311706144116 9.9004522210308e-06 28187.09960938
13064002 64.025162037037 0.921058905391319 8.09818262890826e-06 27611.09960938
13064003 64.0565509259259 0.921323690446616 1.06584694576832e-05 26438.84960938
13064004 64.0752662037037 0.922017441791456 1.07501238902844e-05 25594.65039062
13064005 64.0948611111111 0.922621225792282 1.71761566979436e-05 25212.59960938
13064006 64.1056944444444 0.921502266682639 2.78865342243941e-05 24832.34960938
13064012 64.2054050925926 0.914813708044517 1.11182459656909e-05 63956.25000000
13064014 64.2214583333333 0.916916812470294 7.98829919584405e-06 55421.09765625
13064020 64.2631944444444 0.91774309636662 8.63363616623129e-06 45445.94921875
13064021 64.2822800925926 0.918173971204007 8.77500640641832e-06 43466.84765625
13064022 64.3005671296296 0.918686915203779 9.33630286560304e-06 41088.59765625
13064023 64.3190972222222 0.919025660455492 9.17913296114705e-06 39133.34765625
13064024 64.3378009259259 0.91951993428581 7.52969569843142e-06 37653.30078125
13064025 64.3648611111111 0.919723945403821 8.20141713856155e-06 35723.25000000
13064026 64.3890046296296 0.920142051975024 1.01861623646253e-05 34352.55078125
13064028 64.4306134259259 0.920333085377123 9.72851464407896e-06 32055.29882812
13064029 64.4503009259259 0.920574374265393 7.96840228995099e-06 31098.15039062
13064030 64.4785532407407 0.932461224878793 9.41138347818326e-05 29987.09960938
13064031 64.4792824074074 0.920545577279979 8.52288650886197e-06 29938.50000000
13064032 64.5052662037037 0.920448294550496 1.07036019788233e-05 29056.04882812
13064052 64.6147916666667 0.918272377044444 2.43807222295531e-05 51095.69921875
13064055 64.624537037037 0.919996897570766 6.676641875928e-06 47043.00000000
13064056 64.6543055555556 0.920358370117167 8.1309119942302e-06 41211.44921875
13064057 64.6756597222222 0.92021689652835 8.38173240531488e-06 39059.09765625
13064059 64.7300231481481 0.920192196124316 1.90500038644728e-05 34366.94921875
13064061 64.7390277777778 0.920478955161283 1.19040523124371e-05 33639.30078125
13064064 64.7561921296296 0.919658327525911 7.89586634901554e-06 32469.29882812
13064065 64.7844444444444 0.919900269205647 7.482490651181e-06 30873.59960938
13064066 64.8165740740741 0.919962193380391 9.47487064924382e-06 29165.84960938
13064067 64.8398842592593 0.918437846214259 3.98176199531661e-05 28007.09960938
13064068 64.8436226851852 0.920220571347834 1.12706941957152e-05 27689.84960938
13064070 64.8635185185185 0.920287852056711 8.62894847016988e-06 26517.59960938
13064074 64.8950462962963 0.920436861615502 9.15655000077561e-06 25425.00000000
13064075 64.9209027777778 0.90560979884028 8.11589598871842e-06 24396.75000000
13065005 65.0997106481481 0.919372568963435 7.44061881683482e-06 58576.94921875
13065006 65.119537037037 0.921185033605913 7.8521858699472e-06 51102.00000000
13065007 65.1397453703704 0.921439571992034 8.20947884489006e-06 46639.34765625
13065008 65.1585300925926 0.921938521821208 8.44778754989024e-06 43697.25000000
13065009 65.1786111111111 0.922185157406906 8.61170292501788e-06 41364.00000000
13065013 65.2147916666667 0.922186121542224 2.63919072850314e-05 38112.75000000
13065014 65.2229513888889 0.922491267690775 9.03714750200686e-06 37166.84765625
13065015 65.2426041666667 0.922473667397334 9.1737630818499e-06 36027.00000000
13065016 65.2620717592593 0.922515978061915 9.23995170422522e-06 34865.55078125
13065017 65.2817708333333 0.922430525521939 9.44455388547291e-06 33527.25000000
13065018 65.3012152777778 0.922548730579149 9.56321366464999e-06 32645.25000000
13065019 65.3200231481481 0.922481551871628 8.69081793950714e-06 31714.20117188
13065020 65.3442361111111 0.922243999818609 9.01099125975404e-06 30716.54882812
13065021 65.366412037037 0.922394840105627 9.1439070204462e-06 29808.90039062
13065022 65.388275462963 0.92223952981352 1.21473810396223e-05 29036.25000000
13065046 65.6676851851852 0.917730477696765 6.23974647891426e-06 56960.09765625
13065047 65.6980555555556 0.919267372459537 8.14975541647511e-06 47475.00000000
13065048 65.7183564814815 0.920139745689879 7.37951654051149e-06 44208.44921875
13065049 65.7431944444444 0.920772708257525 7.5656402981677e-06 40784.40234375
13065050 65.7678472222222 0.92082112734718 7.72226606916655e-06 37857.15234375
13065051 65.8024884259259 0.919379603144884 1.57596651102769e-05 34403.40234375
13065052 65.8197337962963 0.920279671680633 9.51243538650281e-06 33168.15234375
13065053 65.8395601851852 0.920381495914385 8.68881780561439e-06 31473.90039062
13065055 65.8727199074074 0.920901861900292 9.6946978615639e-06 29362.50000000
13065056 65.8933217592593 0.921199888158814 8.76223830839598e-06 28367.54882812
13065058 65.9215740740741 0.921233504054898 1.05558972939458e-05 26784.45117188
13065059 65.9405324074074 0.921299085076908 1.03699422984022e-05 25883.54882812
13065060 65.9608217592592 0.92090782420451 8.61232080932105e-06 25027.65039062
13066021 66.1260416666667 0.918034819034938 1.00239700653592e-05 33988.94921875
13066022 66.1446643518519 0.918823072718214 1.02211901665585e-05 32077.79882812
13066023 66.1630324074074 0.919270676266484 1.04629838435686e-05 30300.29882812
13066024 66.1809490740741 0.918940585475718 1.07388263745283e-05 28974.59960938
13066025 66.2012384259259 0.919198099963416 1.08561528511077e-05 27787.95117188
13066026 66.2199768518519 0.919155783667177 1.10384107854941e-05 26450.09960938
13066027 66.2380671296296 0.919334150528139 1.11171320935349e-05 25632.45117188
13066028 66.2565856481481 0.9193065920579 1.12702805150266e-05 24726.15039062
13066029 66.2756018518518 0.919767467853796 1.13943806916132e-05 23780.70117188
13066030 66.2945949074074 0.919841135751111 1.14660472511104e-05 23005.34960938
13066031 66.3135185185185 0.920097404272433 1.153651478095e-05 22375.79882812
13066033 66.3335532407407 0.920200521479016 1.15332380511082e-05 22000.04882812
13066034 66.3529050925926 0.920388387523623 1.13157281427084e-05 21360.59960938
13066035 66.3726736111111 0.920525428169048 1.1127197256651e-05 20700.45117188
13066036 66.3941550925926 0.920186656598323 1.91335555586199e-05 20374.65039062
13066100 66.7947569444444 0.876380353004465 0.000138264218429229 33121.34765625
13066101 66.796712962963 0.877082376861022 1.5581509441585e-05 32764.50000000
13066102 66.807662037037 0.88461713210011 1.42180632555686e-05 31656.59960938
13066104 66.8199074074074 0.890505316198514 1.26562630010654e-05 30720.59960938
13066105 66.8372106481481 0.892831735572002 4.51604827460577e-05 30027.15039062
13066109 66.857962962963 0.902895281239738 8.00855013285587e-06 27730.34960938
13066110 66.8921643518518 0.907768927084672 7.45894084421854e-06 26511.29882812
13067001 67.0007523148148 0.911771336375722 7.31861495745814e-06 70940.69531250
13067002 67.0213310185185 0.914762927577851 6.96077665639391e-06 59768.09765625
13067003 67.0436111111111 0.916198082834612 7.34092339277208e-06 53589.15234375
13067004 67.0656365740741 0.916901228975185 7.56431783916327e-06 49657.94921875
13068017 68.0834375 0.920433918494863 7.87078112938278e-06 48489.30078125
13068022 68.115162037037 0.921361368549743 9.69359598366103e-06 44017.19921875
13068023 68.1311226851852 0.921415618144728 1.15077773698911e-05 42552.00000000
13068027 68.2084375 0.904786866437335 8.66474704709566e-06 34898.84765625
13068028 68.2340393518518 0.908015206166489 2.10778249612747e-05 33143.84765625
13068029 68.2588657407407 0.91103883629294 9.73018018098721e-06 31910.40039062
13068034 68.3090162037037 0.913718235029056 9.83869112708064e-06 30000.15039062
13068036 68.3314699074074 0.914643899835481 8.37428918006666e-06 29146.95117188
13068037 68.3587152777778 0.915602955400606 8.93752150652636e-06 28263.15039062
13068057 68.5772453703704 0.919116991283115 6.98084169802001e-06 70715.25000000
13068058 68.5967361111111 0.920711754970534 6.83476012557481e-06 63460.80078125
13068059 68.6174189814815 0.921192125530132 6.84839641702754e-06 58667.40234375
13068060 68.6395138888889 0.921550334139508 7.27114442739057e-06 55035.00000000
13068084 68.8781712962963 0.917646120131563 2.03218582030039e-05 63917.55078125
13068085 68.8810532407407 0.919708878694948 7.48437695859978e-06 62486.55078125
13068086 68.8993287037037 0.921318341976004 7.5973176291762e-06 57022.19921875
13068087 68.9182986111111 0.92190190184943 6.9863567112471e-06 53388.90234375
13068088 68.9410416666667 0.922265792162896 6.79891952196712e-06 49980.59765625
13068090 68.9684606481481 0.9209623929182 6.43425427749122e-06 46728.00000000
13069001 69.0017592592593 0.921324656572371 5.43027804281273e-06 43546.05078125
13069002 69.0464351851852 0.921376295411762 8.32032271147662e-06 40754.25000000
13069003 69.0671527777778 0.92061613525509 1.10292878804314e-05 39410.09765625
13069004 69.0829166666667 0.921002664545446 8.15559843902833e-06 38057.84765625
13069005 69.1054976851852 0.921145954985986 9.18471074006176e-06 36771.75000000
13069006 69.1283101851852 0.920879077416588 9.17128743318428e-06 35504.55078125
13069007 69.1473958333333 0.92126682655712 9.01196821787249e-06 34535.25000000
13069008 69.1684143518519 0.921149067488422 9.4571563253069e-06 33514.65234375
13069013 69.2701851851852 0.919887416928709 7.02043353075393e-06 64833.30078125
13069014 69.2903935185185 0.921539790310645 6.78833271252093e-06 58476.59765625
13069016 69.3187384259259 0.922345377902596 7.44019979973801e-06 53557.65234375
13069017 69.3382291666667 0.922306676161209 7.42612371899453e-06 50717.69921875
13069018 69.3592013888889 0.922515386854057 7.70080197921181e-06 48467.69921875
13069020 69.3820486111111 0.922943969525794 1.7135848718625e-05 45935.09765625
13069021 69.3905439814815 0.922502874941556 7.52230711731466e-06 44917.65234375
13069022 69.4124537037037 0.922650560441101 7.54008172721254e-06 43420.94921875
13069023 69.4364467592593 0.922502065108601 7.75083134850691e-06 41913.90234375
13069024 69.4585185185185 0.922268640191642 1.28149766587482e-05 40305.15234375
13069026 69.4725462962963 0.922161995283072 8.62486582361013e-06 39586.50000000
13069027 69.4919675925926 0.921919976295587 1.07517945497971e-05 38635.65234375
13069029 69.5214583333333 0.920401342352429 3.35329727875101e-05 36738.00000000
13069030 69.5234837962963 0.921708462644688 8.21508748595099e-06 36610.65234375
13069031 69.5459606481482 0.921120909698941 2.12510842845745e-05 34865.55078125
13069035 69.5540393518519 0.921822434227515 8.63607009960975e-06 34355.25000000
13069036 69.5751388888889 0.921882741593222 1.20825784753251e-05 33224.40234375
13069066 69.7859259259259 0.923329028037952 6.1459968221056e-06 64741.50000000
13069067 69.8110300925926 0.923673529068056 5.98350822558831e-06 60086.69921875
13069068 69.8385416666667 0.923665345601752 6.56694603593775e-06 55969.19921875
13069069 69.8627199074074 0.924310439023213 1.2062666111395e-05 53120.25000000
13069071 69.884212962963 0.923931784830923 1.4981193022147e-05 6333.24365234
13069073 69.8946412037037 0.92383661376477 6.40990291259618e-06 49401.90234375
13069074 69.9225 0.923388159534525 5.97914368142856e-05 47050.65234375
13070006 70.3053587962963 0.920685380066883 1.11057162732572e-05 62589.59765625
13070008 70.315775462963 0.921220866628849 6.179798603526e-06 60715.34765625
13070010 70.3440393518519 0.921387769963322 6.03881960556369e-06 56956.94921875
13070011 70.3722685185185 0.921474043074873 8.02304507406001e-06 53766.44921875
13070012 70.3889814814815 0.921571986378591 6.37232732233513e-06 52130.69921875
13070014 70.4188657407407 0.92496997849983 1.53727485261864e-05 50525.09765625
13070015 70.4240162037037 0.925988250655329 3.65795400985653e-05 49698.00000000
13070016 70.4349189814815 0.924463031427783 7.49120191958146e-06 48461.40234375
13070017 70.4555555555556 0.924370999116734 7.49859595338333e-06 46959.30078125
13070018 70.4767824074074 0.924413021356044 1.42061264991808e-05 45544.94921875
13070019 70.4840972222222 0.921211030512799 3.78102698414339e-05 45204.30078125
13070020 70.4861689814815 0.92417511643173 7.81522194762581e-06 45144.90234375
13070021 70.5069097222222 0.924045872262504 1.82432679160937e-05 43083.44921875
13070022 70.511412037037 0.92434146080033 7.71108902639032e-06 43066.80078125
13070024 70.5438657407407 0.924609483529672 1.92343708763827e-05 40842.90234375
13070025 70.5484027777778 0.924510360930296 8.08781261919488e-06 41082.75000000
13070026 70.5688888888889 0.924333662245178 8.44556412137225e-06 39834.00000000
13070027 70.5889351851852 0.92442251683668 8.96674564294175e-06 38955.59765625
13070030 70.6127893518519 0.926227640865938 4.74213755158781e-05 37612.80078125
13070056 70.8806828703704 0.922759562758355 6.77064497085675e-06 54127.80078125
13070057 70.9048148148148 0.922836082747797 7.15043212938224e-06 51666.75000000
13070058 70.9274652777778 0.922952197917952 7.06818241423047e-06 48914.09765625
13070059 70.9514467592593 0.922835265839811 1.33782097087233e-05 47027.25000000
13070060 70.9628703703704 0.922764308888337 1.26137023609398e-05 45585.00000000
13070061 70.9783217592593 0.896687584221104 3.08310922206558e-05 44662.50000000
13071003 71.0089583333333 0.922932131006931 8.1872395378435e-06 42459.30078125
13071004 71.0290972222222 0.922699600003122 8.75171011524721e-06 41356.34765625
13071005 71.0469328703704 0.92285279164444 8.7685202244299e-06 40581.90234375
13071006 71.0648148148148 0.923244504012494 1.68953329900804e-05 39844.80078125
13071008 71.0767476851852 0.923373440379175 1.37683374883333e-05 39286.80078125
13071009 71.0923958333333 0.923282004481574 1.47908316584606e-05 38172.59765625
13071010 71.1020833333333 0.922873818356427 8.70833462453413e-06 38548.34765625
13071011 71.122025462963 0.922710057314171 8.72099099707913e-06 37568.25000000
13071012 71.1415625 0.922609612238206 8.34342033213728e-06 36714.59765625
13071028 71.5106018518518 0.921763027811599 7.46401168444889e-06 52753.05078125
13071029 71.5302430555556 0.922586442250046 7.89785751769093e-06 51358.94921875
13071031 71.5509490740741 0.923053709018543 7.39704303390178e-06 49876.19921875
13071032 71.5721875 0.923008995708827 7.33048372290848e-06 47802.59765625
13071033 71.5940856481482 0.923484714441075 7.72811731894853e-06 46368.00000000
13071034 71.6141666666667 0.941772165358035 0.000136086900870016 44977.94921875
13071037 71.6301041666667 0.938506882127913 8.46954432992342e-05 43637.84765625
13071038 71.6313888888889 0.922799041224888 1.47479641251423e-05 43504.19921875
13071040 71.6410069444444 0.921593825767773 4.16460557344927e-05 42723.00000000
13071041 71.6437268518518 0.922565345563824 6.68228407417206e-06 42744.15234375
13071042 71.6728587962963 0.92268047710204 9.7468032861509e-06 41217.30078125
13071043 71.6873611111111 0.922456168230502 8.1163366941123e-06 40508.55078125
13071045 71.7150578703704 0.922498586085594 7.81738747819124e-06 39204.90234375
13071046 71.7377083333333 0.922429019202806 1.21015597608318e-05 38332.34765625
13071048 71.7512731481481 0.922375481659371 1.11537257341331e-05 38309.40234375
13071050 71.7720949074074 0.922250958256137 7.81230969604912e-06 37035.00000000
13071051 71.7973263888889 0.921910494777592 1.57828714345066e-05 36267.30078125
13071055 71.8127083333333 0.922377634627166 8.97908263033066e-06 35552.25000000
13071064 71.9415856481481 0.920475563738102 7.24471322349515e-06 60543.00000000
13072001 71.9609837962963 0.922803479248157 7.48408295654745e-06 56139.75000000
13072002 71.9798032407407 0.923434711237931 7.30483988720835e-06 53641.34765625
13072003 71.9997453703704 0.923902751538523 7.1286391589486e-06 51737.84765625
13072004 72.0211689814815 0.924159270164581 9.02298383089114e-06 50024.25000000
13072005 72.0349421296296 0.923924387034467 7.43764100541556e-06 48906.00000000
13072006 72.0557060185185 0.923808563190225 1.61233139686833e-05 47406.15234375
13072007 72.0640740740741 0.923943016606975 7.73159506011046e-06 46903.05078125
13072008 72.0856134259259 0.92402736076543 7.30352475138387e-06 44877.15234375
13072009 72.1084027777778 0.923927273950642 8.06886232927937e-06 43714.80078125
13072010 72.1293287037037 0.923892912904757 8.55282169340801e-06 42671.25000000
13072011 72.1470138888889 0.924116414540408 8.29063423574577e-06 41661.90234375
13072014 72.1739236111111 0.924080638315746 1.11145481945223e-05 40757.40234375
13072015 72.1884837962963 0.92365952726417 1.04107561903555e-05 39787.65234375
13072016 72.2023726851852 0.923700215149439 7.15846659682221e-06 38977.65234375
13072017 72.2291203703704 0.92376152438402 8.61962262114822e-06 37993.05078125
13072018 72.2482175925926 0.923627384602259 8.76459380674872e-06 37012.94921875
13072019 72.2671759259259 0.923666684091694 1.25118810513988e-05 36439.65234375
13072020 72.2777199074074 0.923682313991232 1.12333295231273e-05 35821.34765625
