13040003 40.0111805555556 0.000189649793476561 1.08131778349525e-06 1.00000000
13040016 40.0760648148148 0.000196136038859772 2.00968363948847e-06 1.00000000
13040017 40.0807175925926 0.000188647349016078 3.44215501956585e-06 1.00000000
13040018 40.0828703703704 0.000197552349323396 1.38279657968062e-06 1.00000000
13040037 40.2025115740741 0.000189293135334678 2.92684310211055e-06 1.00000000
13040040 40.2200115740741 0.000191300069148866 1.22242361039486e-06 1.00000000
13040041 40.2394675925926 9.85049350114115 0.0199392330601822 1.00000000
13040042 40.2506134259259 0.000189130162785243 1.26437305399143e-06 1.00000000
13040043 40.2654050925926 0.000191892610283626 1.2907731965092e-06 1.00000000
13040044 40.2808449074074 0.000190306808053004 1.33976306484533e-06 1.00000000
13040045 40.2962615740741 0.00019312396050888 1.33005424805807e-06 1.00000000
13040046 40.3112037037037 0.000191437143533219 2.92900303083129e-06 1.00000000
13041002 41.2118634259259 0.000121808683990954 1.02223523997351e-06 1.00000000
13041009 41.2993287037037 0.000119970187249827 6.43677114578243e-07 1.00000000
13041010 41.3140393518519 0.000119874738800496 1.0066466538218e-06 1.00000000
13041082 41.7666319444444 0.000125049980160618 8.23483807635597e-07 1.00000000
13041101 41.8104861111111 0.000112389769886733 5.10236564946412e-07 1.00000000
13041102 41.8277662037037 0.000112862789530185 5.10629068093404e-07 1.00000000
13041108 41.8582060185185 0.000113822276563996 5.65155337185239e-07 1.00000000
13041109 41.8818287037037 0.000112197549145522 5.27800416821815e-07 1.00000000
13041110 41.9000347222222 0.000113541989599542 5.48850294368916e-07 1.00000000
13041115 41.9295138888889 0.000112016163574313 5.46472075217906e-07 1.00000000
13041116 41.9480439814815 0.000111448721410663 5.53541521081994e-07 1.00000000
13041119 41.9763773148148 0.000110871880775063 5.68966604371378e-07 1.00000000
13042001 42.0006018518519 0.000111901365382183 5.72300748789581e-07 1.00000000
13042002 42.0195717592593 0.000111698560120829 6.05511774134188e-07 1.00000000
13042003 42.0381712962963 0.000111155135169054 6.40341169149517e-07 1.00000000
13042006 42.2619212962963 0.000113870634381877 5.54096020475813e-07 1.00000000
13042007 42.2790046296296 0.000112374536524118 5.5706175514699e-07 1.00000000
13042008 42.295462962963 0.000112815372785811 5.63958187299828e-07 1.00000000
13042013 42.3236805555556 0.000111900211093343 5.79496996418998e-07 1.00000000
13042015 42.3412962962963 0.000111522032854376 5.75014785203554e-07 1.00000000
13042016 42.359224537037 0.000111953257164455 5.81150614195798e-07 1.00000000
13042017 42.3832986111111 0.000111095576831787 5.86101064399937e-07 1.00000000
13042018 42.4010300925926 0.000111030356501239 5.86959180044092e-07 1.00000000
13042019 42.4187268518519 0.000111612111977754 5.90348018203419e-07 1.00000000
13042020 42.4378587962963 0.00011059503523818 2.35561210959125e-06 1.00000000
13042022 42.4430092592593 0.000111345529983159 5.26228297761115e-07 1.00000000
13042023 42.4656018518519 0.000110199347469149 7.27634900368208e-07 1.00000000
13042024 42.5167592592593 0.000110725656285467 6.11362572529897e-07 1.00000000
13042025 42.5345023148148 0.00011185442430586 6.22048587748613e-07 1.00000000
13042026 42.5521064814815 0.000111521983637884 6.26421413379124e-07 1.00000000
13042027 42.5697916666667 0.000111311182881508 6.25474307504328e-07 1.00000000
13042046 42.8201157407407 0.000112940918113693 4.06038052681495e-07 1.00000000
13042047 42.8361111111111 0.000111452646827785 4.04007267175081e-07 1.00000000
13042048 42.8532175925926 0.00011153935620237 3.54621035116779e-07 1.00000000
13042049 42.8759027777778 0.000110366936565427 4.15951185048356e-07 1.00000000
13042050 42.8932986111111 0.000111077374404749 5.93460759863428e-07 1.00000000
13043005 43.2440972222222 0.000111670562936532 4.17383338045058e-07 1.00000000
13043006 43.2601157407407 0.000110671241919443 4.32448972603435e-07 1.00000000
13043011 43.2925694444444 0.000110418051409572 4.49310214626185e-07 1.00000000
13043012 43.3093171296296 0.00011089761268884 4.5924797854985e-07 1.00000000
13043013 43.3267824074074 0.000110315980487955 4.69066580535097e-07 1.00000000
13043017 43.3515509259259 0.000118116849492118 6.49043522214472e-07 1.00000000
13043023 43.411087962963 0.000109785170885696 5.36470663947558e-07 1.00000000
13043030 43.4680787037037 0.000109661799277267 5.26945663688539e-07 1.00000000
13043031 43.4885648148148 8.636899277031e-05 1.19801272329664e-06 1.00000000
13043032 43.498900462963 8.5920497799442e-05 4.76704038420288e-07 1.00000000
13043035 43.53 7.81415296640259e-05 4.57622483181696e-07 1.00000000
13043044 43.6758912037037 7.85466519304647e-05 3.31852963085305e-07 1.00000000
13043047 43.7145833333333 7.85144547280597e-05 3.40056874498484e-07 1.00000000
13043048 43.7324189814815 7.74433589473177e-05 3.41149389448085e-07 1.00000000
13043049 43.7505787037037 7.7084919772999e-05 3.44651147055552e-07 1.00000000
13043050 43.7695023148148 7.74546490353846e-05 3.49725883297491e-07 1.00000000
13043051 43.7884259259259 7.82002427290434e-05 2.05852705331022e-06 1.00000000
13043052 43.7995717592593 7.77280791064236e-05 3.6361339058091e-07 1.00000000
13043053 43.8185300925926 7.79682310727192e-05 3.69348908152561e-07 1.00000000
13043054 43.8379282407407 7.80101584228901e-05 3.75024589002858e-07 1.00000000
13043055 43.8577199074074 7.80224825249715e-05 3.88496970491939e-07 1.00000000
13043056 43.8779513888889 7.91435128867349e-05 4.04260759911531e-07 1.00000000
13043057 43.8980787037037 7.98676055266749e-05 4.2908586014178e-07 1.00000000
13043058 43.9279861111111 7.87916640898489e-05 3.96452373706792e-07 1.00000000
13043059 43.9476388888889 7.9624201699407e-05 4.06901842662896e-07 1.00000000
13043060 43.9673726851852 0.000238080576140166 2.18239007202277e-06 1.00000000
13043063 43.9899421296296 7.80876204361176e-05 1.8368971979698e-06 1.00000000
13044017 44.2143981481481 7.77602679144857e-05 3.48900346646381e-07 1.00000000
13044018 44.2323148148148 7.72552699352891e-05 3.52793405703998e-07 1.00000000
13044019 44.250462962963 7.69734565684433e-05 3.57827219198939e-07 1.00000000
13044020 44.2689814814815 7.76356878216191e-05 4.09699967859505e-07 1.00000000
13044021 44.2916666666667 7.80741127524826e-05 3.7291778577871e-07 1.00000000
13044022 44.3106018518519 7.76622947113707e-05 3.72870035364661e-07 1.00000000
13044023 44.3294791666667 7.74451230588306e-05 3.78536376502349e-07 1.00000000
13044024 44.3484490740741 7.86990290641889e-05 3.87452208561376e-07 1.00000000
13044025 44.3705671296296 7.83363286050401e-05 3.89360267757723e-07 1.00000000
13044026 44.3907291666667 7.82164319126561e-05 6.08391159328321e-07 1.00000000
13044029 44.4212847222222 7.84272433549396e-05 4.86814350862392e-07 1.00000000
13044030 44.4377662037037 7.89575926118902e-05 4.06597414594051e-07 1.00000000
13044031 44.4573842592593 7.85083060673887e-05 5.15989330590192e-07 1.00000000
13044034 44.4788310185185 8.06235699102421e-05 9.19109139887886e-07 1.00000000
13044118 44.896875 8.97989597725916e-05 1.66650836421104e-05 1.00000000
13044119 44.8989699074074 8.14500354118316e-05 7.87005307037894e-07 1.00000000
13044121 44.9038888888889 8.04527256723445e-05 7.71733642007479e-07 1.00000000
13044122 44.9093518518519 7.87024525214131e-05 3.22304811959066e-07 1.00000000
13044123 44.9283333333333 7.77606540024988e-05 3.51046688923459e-07 1.00000000
13044124 44.9458680555556 7.79814035262699e-05 3.5309908509967e-07 1.00000000
13044125 44.9660185185185 7.73503965134398e-05 3.89852709535781e-07 1.00000000
13044126 44.9884027777778 7.72792168679075e-05 4.02048724125166e-07 1.00000000
13045001 45.0033796296296 7.70860063644251e-05 4.04657993187425e-07 1.00000000
13045003 45.0184143518519 7.69355791676163e-05 1.27954406691352e-06 1.00000000
13045005 45.0433101851852 7.77633409936882e-05 3.47952216424875e-07 1.00000000
13045006 45.0693981481481 8.24393550182833e-05 4.95811090248047e-07 1.00000000
13045007 45.096400462963 7.77150124139456e-05 3.57194590817736e-07 1.00000000
13045012 45.1260300925926 7.82653008305949e-05 4.59166908591836e-07 1.00000000
13045029 45.1685532407407 7.84214045290287e-05 4.13575604065873e-07 1.00000000
13045056 45.4773842592593 7.83844133317851e-05 2.97622905434603e-07 1.00000000
13045133 45.8602893518519 7.83836618930933e-05 3.04051259913199e-07 1.00000000
13045134 45.8778356481481 7.81895001398732e-05 3.05865726053686e-07 1.00000000
13045135 45.8971643518518 7.71702758014676e-05 3.85325227054251e-07 1.00000000
13045138 45.9129050925926 7.69788383819488e-05 3.08972342346476e-07 1.00000000
13045145 45.9555439814815 7.66290796231984e-05 3.16511847964109e-07 1.00000000
13045146 45.9744212962963 7.69266138108567e-05 8.29197747691814e-07 1.00000000
13045164 45.9979513888889 7.65175729074437e-05 3.2148074525769e-07 1.00000000
13046001 46.0181365740741 7.61528602252794e-05 3.25834196281284e-07 1.00000000
13046002 46.0372800925926 7.76474535217368e-05 1.27629065178715e-06 1.00000000
13046003 46.0480324074074 7.69202705728327e-05 3.59964571851523e-07 1.00000000
13046004 46.0645833333333 7.69360155543961e-05 3.79016384407642e-07 1.00000000
13046008 46.1530439814815 8.69431232219225e-05 7.45441683650779e-07 1.00000000
13046010 46.1591550925926 8.66460257547521e-05 8.23000339100857e-07 1.00000000
13046011 46.1637615740741 8.09504589934099e-05 3.13790349559505e-07 1.00000000
13046012 46.1791435185185 7.93837181885042e-05 2.79298834635432e-07 1.00000000
13046013 46.1979166666667 7.81493669437816e-05 2.74482548966968e-07 1.00000000
13046014 46.219224537037 7.80725342495753e-05 4.50951159942691e-07 1.00000000
13046015 46.2290162037037 7.74710729579231e-05 3.91942242305564e-07 1.00000000
13046017 46.2453472222222 9.44754891787479e-05 3.40635675016483e-07 1.00000000
13046028 46.2887615740741 7.66664151120169e-05 3.09360085311301e-07 1.00000000
13046029 46.3071064814815 7.56099264359009e-05 4.18164535964354e-07 1.00000000
13046118 46.9664814814815 8.14187519213035e-05 6.08679096063156e-07 1.00000000
13046119 46.9764699074074 7.89403910239547e-05 5.44795625617213e-07 1.00000000
13046120 46.986087962963 8.07976678054723e-05 4.84710823021433e-07 1.00000000
13046121 46.9947337962963 7.89857363572201e-05 4.62844026106339e-07 1.00000000
13047002 47.0056828703704 7.79615676805516e-05 3.48695989350385e-07 1.00000000
13047003 47.0201157407407 7.80014165603757e-05 5.31424259171781e-07 1.00000000
13047004 47.0278240740741 7.69360174025642e-05 5.54450326571e-07 1.00000000
13047014 47.1780092592593 9.0640838268695e-05 1.78405629389148e-06 1.00000000
13047018 47.1865972222222 8.45973259482352e-05 9.80337373902398e-07 1.00000000
13047022 47.1994560185185 8.21721413152732e-05 8.32323891362335e-07 1.00000000
13047023 47.2051041666667 8.06653570376919e-05 2.73058512174331e-07 1.00000000
13047024 47.2230671296296 7.96106403707798e-05 5.36115324737381e-07 1.00000000
13047026 47.2356828703704 7.96174258996813e-05 3.36942521606274e-07 1.00000000
13047027 47.2485763888889 7.8998104148781e-05 3.73140296747297e-07 1.00000000
13047028 47.2760069444444 7.91725044097764e-05 4.09521809762409e-07 1.00000000
13047029 47.2907407407407 8.02012646055836e-05 3.69704862327545e-07 1.00000000
13047030 47.3031134259259 7.86636856900079e-05 3.67696364133307e-07 1.00000000
13047031 47.3157523148148 7.8760293083616e-05 3.50996066250214e-07 1.00000000
13047032 47.3301273148148 7.7924874588618e-05 3.49392721448344e-07 1.00000000
13047033 47.3445138888889 7.68234739756325e-05 1.09342401892496e-06 1.00000000
13047034 47.3470023148148 7.75117338777886e-05 3.52994091810098e-07 1.00000000
13047035 47.3674537037037 7.74805435194559e-05 3.1416303343151e-07 1.00000000
13047036 47.3855671296296 7.6333920445906e-05 3.65835284487155e-07 1.00000000
13047037 47.3993055555556 7.64451236828118e-05 3.2484135522437e-07 1.00000000
13047039 47.4234027777778 7.66634152225917e-05 3.23073077802498e-07 1.00000000
13047040 47.4419097222222 7.60843771097594e-05 3.73905617435944e-07 1.00000000
13047041 47.455462962963 7.55952654805489e-05 1.50943115152857e-06 1.00000000
13047042 47.4574537037037 7.70097072635619e-05 1.09796631200738e-06 1.00000000
13047043 47.4596759259259 7.47254684852968e-05 1.43379236430662e-06 1.00000000
13047044 47.4615625 7.41834246767219e-05 2.35999432609888e-06 1.00000000
13047045 47.4627546296296 7.60857203975031e-05 1.28255510534329e-06 1.00000000
13047046 47.4652662037037 7.83489251222694e-05 2.14024471220843e-06 1.00000000
13047047 47.4669675925926 7.64083134506695e-05 9.40269161429319e-07 1.00000000
13047048 47.4703125 7.62431875399791e-05 1.28998303710973e-06 1.00000000
13047049 47.4724768518519 7.56350527805078e-05 1.15070400081244e-06 1.00000000
13047050 47.4749537037037 8.02794160201087e-05 1.65491512146471e-06 1.00000000
13047051 47.4774305555556 7.65118306552778e-05 8.93266776184143e-07 1.00000000
13047052 47.4805439814815 7.69833510628251e-05 8.62716028350157e-07 1.00000000
13047053 47.4851851851852 7.56662497994951e-05 1.23805350747773e-06 1.00000000
13047054 47.4875 7.67177956616515e-05 6.06918909829827e-07 1.00000000
13047055 47.4939351851852 7.69480543620423e-05 9.53650460755096e-07 1.00000000
13047122 47.9509259259259 7.95302653999014e-05 3.03405212067276e-07 1.00000000
13047123 47.9650578703704 7.8108862439612e-05 2.97651548467318e-07 1.00000000
13047124 47.9796759259259 7.75398982128788e-05 3.99164880729832e-07 1.00000000
13047126 47.9904513888889 7.66327093688998e-05 2.67615134577817e-07 1.00000000
13048007 48.0213310185185 7.47660943551732e-05 1.53832211687461e-06 1.00000000
13048009 48.0253009259259 7.6362531948427e-05 2.77841522483628e-07 1.00000000
13048010 48.045462962963 7.65867904315514e-05 6.79035633431193e-07 1.00000000
13048011 48.0577430555556 7.56878247766682e-05 2.88997405000311e-07 1.00000000
13048012 48.0761458333333 7.58371233468696e-05 2.91290504460443e-07 1.00000000
13048013 48.0948958333333 7.5791758586302e-05 3.00599727658139e-07 1.00000000
13048014 48.1134259259259 7.59405989325591e-05 3.02518393382872e-07 1.00000000
13048015 48.1330092592593 7.58355145669481e-05 3.07354225319495e-07 1.00000000
13048016 48.1515972222222 7.60638866237554e-05 3.12065495793994e-07 1.00000000
13048017 48.1707986111111 7.6125571494727e-05 5.98999821400347e-07 1.00000000
13048018 48.184212962963 7.54775146522298e-05 3.24535157035358e-07 1.00000000
13048019 48.2026851851852 5.84851474120153e-05 3.53896086005145e-07 1.00000000
13048022 48.2307638888889 7.82791415840094e-05 5.85355822441774e-07 1.00000000
13048030 48.3642824074074 7.9515716474794e-05 2.91741734047219e-07 1.00000000
13048031 48.3784027777778 7.83705968840312e-05 2.80924328232746e-07 1.00000000
13048032 48.3942361111111 7.65108072934274e-05 6.82695989765845e-07 1.00000000
13048040 48.4162847222222 7.60194668462712e-05 2.70786835866417e-07 1.00000000
13048041 48.4344907407407 8.0250469350288e-05 3.84473381177473e-07 1.00000000
13048042 48.445787037037 7.53839397734659e-05 2.79481978126447e-07 1.00000000
13048043 48.4633680555556 7.51633657678148e-05 3.7027047438838e-07 1.00000000
13048044 48.4745486111111 7.47514386684943e-05 7.53039849485568e-07 1.00000000
13048045 48.4782407407407 7.56700871358018e-05 6.05200753828108e-07 1.00000000
13048046 48.4931597222222 7.55981396840425e-05 1.60877329302631e-06 1.00000000
13048049 48.5048726851852 7.53451699531657e-05 3.02542352261505e-07 1.00000000
13048050 48.522962962963 7.57603742254843e-05 3.07251639248819e-07 1.00000000
13048051 48.5409027777778 7.51888720512685e-05 2.91799694687711e-07 1.00000000
13048052 48.5608680555556 7.52622994219512e-05 3.15689195892239e-07 1.00000000
13048053 48.5789583333333 7.50870743965411e-05 3.17081518674888e-07 1.00000000
13048087 48.7585532407407 7.96692981425588e-05 2.52971378449134e-07 1.00000000
13048088 48.7761458333333 7.73875197374541e-05 2.60507510629865e-07 1.00000000
13048089 48.7936226851852 7.61527184982774e-05 2.62874198898759e-07 1.00000000
13048090 48.8122916666667 7.60243195022472e-05 2.68846233016228e-07 1.00000000
13048091 48.8344675925926 7.54207017006718e-05 2.74414845613334e-07 1.00000000
13048092 48.8530324074074 7.57830468269936e-05 2.87049549164418e-07 1.00000000
13048093 48.8787731481481 7.68710820084063e-05 6.09315323285024e-07 1.00000000
13049004 49.1253356481481 8.77915351450878e-05 4.82800465037655e-07 1.00000000
13049005 49.1318634259259 8.58334378203076e-05 6.97248091059273e-07 1.00000000
13049006 49.1360532407407 8.16711273416103e-05 2.48590484516011e-07 1.00000000
13049007 49.158912037037 8.03833259023346e-05 1.34849479744667e-06 1.00000000
13049031 49.2659143518519 7.54558053989225e-05 3.1531854382486e-07 1.00000000
13049032 49.2835185185185 7.48635874900703e-05 4.71746029095961e-07 1.00000000
13049035 49.2982523148148 7.5203633493545e-05 3.17401102989051e-07 1.00000000
13049039 49.3423148148148 7.5391341751209e-05 3.26512437838637e-07 1.00000000
13049041 49.3613541666667 7.66511880982333e-05 7.0976511680938e-07 1.00000000
13049042 49.3710300925926 7.5239696291319e-05 3.70175204739961e-07 1.00000000
13049044 49.387037037037 7.53328383297656e-05 3.93830649694415e-07 1.00000000
13049045 49.4041203703704 7.48866110973742e-05 3.46646318346656e-07 1.00000000
13049046 49.4225462962963 7.53263403486014e-05 3.46869066906466e-07 1.00000000
13049047 49.4409953703704 7.51550068853715e-05 3.51750306609636e-07 1.00000000
13049048 49.4596064814815 7.54489639721588e-05 3.84708010471984e-07 1.00000000
13049049 49.4753009259259 7.45323324022764e-05 3.99766749819582e-07 1.00000000
13049050 49.4942361111111 7.42163536782417e-05 1.04370759306938e-06 1.00000000
13049052 49.4990625 0.000115863795013856 3.33464913665946e-05 1.00000000
13049072 49.7058333333333 8.47485664338442e-05 2.53330802287513e-07 1.00000000
13049073 49.7244097222222 9.06955609904684e-05 2.72377749305454e-07 1.00000000
13049080 49.759537037037 8.36621920114774e-05 2.74614913595806e-07 1.00000000
13049081 49.778599537037 8.53564872884189e-05 2.85074638291602e-07 1.00000000
13049082 49.7975462962963 8.81889562379921e-05 2.76080779913173e-07 1.00000000
13049086 49.8266087962963 8.73780558171247e-05 3.15254934635439e-07 1.00000000
13049087 49.8456712962963 8.437689834355e-05 3.13425153476209e-07 1.00000000
13049088 49.8636689814815 8.31692298093722e-05 3.18373289236338e-07 1.00000000
13049089 49.8818634259259 8.31676809200591e-05 1.7151775945702e-06 1.00000000
13049093 49.894375 7.91605556021015e-05 3.08809959031858e-07 1.00000000
13049094 49.9144560185185 7.82717958506063e-05 3.11224721419025e-07 1.00000000
13049096 49.9351273148148 7.78633234495618e-05 5.02041180432073e-07 1.00000000
13049098 49.9517824074074 8.2072710344199e-05 3.28715923368975e-07 1.00000000
13049099 49.9705787037037 8.72803826705153e-05 3.48145706254421e-07 1.00000000
13049101 49.9924884259259 8.43306768229762e-05 3.47775946153026e-07 1.00000000
13050001 50.010775462963 7.7670476674922e-05 3.75190994012565e-07 1.00000000
13050006 50.1337962962963 8.76891992211339e-05 2.3406623246576e-07 1.00000000
13050007 50.1603125 7.95716532249476e-05 5.13664480196595e-07 1.00000000
13050009 50.1779166666667 7.94619601278382e-05 2.99632582200321e-07 1.00000000
13050011 50.1969097222222 8.06110801317117e-05 2.74796207876319e-07 1.00000000
13050012 50.2193981481481 7.85541006744962e-05 2.75210554519474e-07 1.00000000
13050015 50.2592939814815 8.38486474770025e-05 9.36478733690741e-07 1.00000000
13050016 50.2625925925926 8.34281072711711e-05 7.48238318243957e-07 1.00000000
13050020 50.2785185185185 8.39723548359715e-05 3.06644694698177e-07 1.00000000
13050022 50.298287037037 8.14184390816728e-05 3.06367803048469e-07 1.00000000
13050023 50.3170138888889 8.24040080111667e-05 3.12378206353197e-07 1.00000000
13050025 50.3370601851852 8.03257720092482e-05 5.6989136822059e-07 1.00000000
13050026 50.3436574074074 8.00537233439713e-05 4.48942117304315e-07 1.00000000
13050027 50.3533449074074 0.976187025172221 0.00682151204234514 1.00000000
13050028 50.3604050925926 8.44708780522882e-05 4.09364455995555e-07 1.00000000
13050029 50.3724884259259 7.82575182391422e-05 3.33407633001332e-07 1.00000000
13050031 50.3928009259259 7.63101091485832e-05 6.05115855949512e-07 1.00000000
13050032 50.4052430555556 7.66670991531682e-05 3.24631765308813e-07 1.00000000
13050033 50.4238657407407 7.53286349038615e-05 5.08122403500807e-07 1.00000000
13050036 50.4357060185185 7.68222527451121e-05 3.3120916851544e-07 1.00000000
13050037 50.4546643518518 7.6441821881903e-05 5.31658311282201e-07 1.00000000
13050038 50.4622685185185 7.74829306091413e-05 3.39103368900268e-07 1.00000000
13050039 50.48125 8.1320150034892e-05 4.64266114460715e-07 1.00000000
13050041 50.4948958333333 8.11190859501578e-05 4.1456788335631e-07 1.00000000
13050042 50.5095717592593 8.46636022095587e-05 3.89793952349425e-07 1.00000000
13050043 50.5285763888889 8.25067900099285e-05 4.28560478198677e-07 1.00000000
13050044 50.5450578703704 8.11230430327245e-05 5.04042636082801e-07 1.00000000
13050046 50.5750462962963 8.36661980924033e-05 4.21122230693823e-07 1.00000000
13050047 50.5940740740741 8.04261049047366e-05 4.26083729503832e-07 1.00000000
13050049 50.6138541666667 8.03704621384522e-05 4.11867985008621e-07 1.00000000
13050050 50.6361689814815 8.39837036205447e-05 1.15551703406975e-06 1.00000000
13051006 51.1352662037037 8.75308423709012e-05 2.4133675765161e-07 1.00000000
13051007 51.1566898148148 8.33083601501523e-05 2.44926834879156e-07 1.00000000
13051008 51.1793287037037 8.19611107138629e-05 2.78310246744802e-07 1.00000000
13051009 51.1983101851852 8.1839497428561e-05 2.82239787271212e-07 1.00000000
13051010 51.2171643518518 8.38214065070346e-05 2.89736950300668e-07 1.00000000
13051011 51.2360763888889 8.24272203450487e-05 2.92460624151097e-07 1.00000000
13051012 51.2556365740741 8.11773684858586e-05 5.76150384478393e-07 1.00000000
13051015 51.2746643518518 8.10307691953602e-05 3.0745123438805e-07 1.00000000
13051016 51.2930671296296 8.00040791668562e-05 3.08846021847104e-07 1.00000000
13051017 51.3119328703704 7.91062841993957e-05 3.13164223493446e-07 1.00000000
13051019 51.33125 7.91757741071094e-05 3.35880704616077e-07 1.00000000
13051020 51.3477083333333 7.80513128915166e-05 3.16573557857938e-07 1.00000000
13051021 51.3664814814815 7.84415946318226e-05 3.42999951586691e-07 1.00000000
13051022 51.3918171296296 7.87868717370229e-05 3.33595172840103e-07 1.00000000
13051023 51.4100578703704 8.10228856392315e-05 3.34408498400965e-07 1.00000000
13051024 51.4288194444444 8.23323618534701e-05 4.59071154369134e-07 1.00000000
13051026 51.4408680555556 8.13120352738966e-05 3.42842023059409e-07 1.00000000
13051028 51.4611689814815 8.30720444158112e-05 4.64134350201962e-07 1.00000000
13051068 51.5898148148148 0.000102325706432135 3.42733352753468e-07 1.00000000
13051069 51.606712962963 9.25698651625393e-05 3.31396569501879e-07 1.00000000
13051070 51.625 8.91370837433542e-05 3.83208439789255e-07 1.00000000
13051071 51.6384490740741 9.14464242774268e-05 3.39478151460955e-07 1.00000000
13051072 51.6563773148148 9.32124057501338e-05 3.49264238643034e-07 1.00000000
13051073 51.6743518518518 9.31332798296538e-05 3.54132038547449e-07 1.00000000
13051074 51.692650462963 9.54095599064159e-05 3.39744469869387e-07 1.00000000
13051080 51.7350810185185 0.000102347095956259 2.97550482566472e-06 1.00000000
13051081 51.7364467592593 9.12842137524245e-05 6.49139750411248e-07 1.00000000
13051083 51.7513425925926 9.56543560799014e-05 3.89169619093734e-07 1.00000000
13051084 51.7693171296296 0.000101828554877686 5.29383106810451e-07 1.00000000
13051085 51.7821296296296 9.26703942547413e-05 3.81933084932413e-07 1.00000000
13051086 51.8005324074074 8.68829167607397e-05 3.73507680543774e-07 1.00000000
13051087 51.8192592592593 9.131741636934e-05 4.23636008447617e-07 1.00000000
13051088 51.834849537037 8.78669283525153e-05 4.72873026211411e-07 1.00000000
13051091 51.8538541666667 9.23323747837788e-05 3.98944352015042e-07 1.00000000
13051092 51.8724768518519 9.35280181330875e-05 4.04753041429884e-07 1.00000000
13051093 51.8913425925926 9.61432893499622e-05 4.10798934596706e-07 1.00000000
13051095 51.910775462963 9.13403802958577e-05 1.1834891539926e-06 1.00000000
13051099 51.9731712962963 0.00010984547506728 3.15613558934693e-07 1.00000000
13051100 51.9933101851852 0.000107963162122007 1.24832804242824e-06 1.00000000
13051102 51.9994444444444 0.000101444550684003 2.07842541439117e-06 1.00000000
13052001 52.0016087962963 0.000105251362660824 3.23997769506728e-07 1.00000000
13052002 52.0205324074074 9.9754921231878e-05 3.21771143145589e-07 1.00000000
13052003 52.0390856481482 0.000105718570228742 3.39162256857632e-07 1.00000000
13052004 52.0579398148148 0.000109178136471971 3.51616697114921e-07 1.00000000
13052005 52.0764930555556 9.92799302955473e-05 3.82516575646777e-07 1.00000000
13052009 52.116400462963 9.55425049360284e-05 7.60610196090148e-07 1.00000000
13052010 52.12125 0.000100236085169692 3.5738612808004e-07 1.00000000
13052011 52.1401273148148 0.000117734365140128 3.92794230675607e-07 1.00000000
13052012 52.158275462963 0.000118819865024525 3.98898920949015e-07 1.00000000
13052013 52.1767013888889 0.000135890195562374 4.32141761199519e-07 1.00000000
13052014 52.1963773148148 0.000128114135731658 4.31272377447827e-07 1.00000000
13052015 52.2150115740741 0.000125471578324966 9.64046341026939e-07 1.00000000
13052016 52.225162037037 0.000130055101982495 5.05851102577497e-07 1.00000000
13052017 52.2399537037037 0.000125190877531662 4.49869023182434e-07 1.00000000
13052018 52.2586574074074 0.000126594827861199 4.71896693485889e-07 1.00000000
13052019 52.2772569444444 0.000111827157924369 4.49469558555552e-07 1.00000000
13052020 52.2937268518519 0.00011471138912967 4.21533582580024e-07 1.00000000
13052021 52.3137384259259 0.000116166772684612 4.18086208176828e-07 1.00000000
13052022 52.3382638888889 7.97775886115586e-05 1.05193991286233e-06 1.00000000
13052036 52.5740625 8.06758222472745e-05 4.16179748024681e-07 1.00000000
13052037 52.5827083333333 7.99267293544848e-05 2.656638395377e-07 1.00000000
13052039 52.6033912037037 7.81925204854337e-05 2.68718579415198e-07 1.00000000
13052042 52.6241087962963 7.81320431530151e-05 2.83537239706962e-07 1.00000000
13052043 52.6420023148148 7.75132664383222e-05 2.85366804887831e-07 1.00000000
13052045 52.6601157407407 7.69264331829046e-05 2.90006144346653e-07 1.00000000
13052046 52.6779050925926 7.79036872505989e-05 3.01896661888207e-07 1.00000000
13052047 52.6963310185185 7.72296834500978e-05 1.18585673477919e-06 1.00000000
13052048 52.6993171296296 7.73054159254206e-05 3.0513513955794e-07 1.00000000
13052050 52.7229861111111 7.61887287005154e-05 3.07050414388292e-07 1.00000000
13052051 52.7421759259259 7.66805777948021e-05 3.08429421236898e-07 1.00000000
13052052 52.7605787037037 7.73889998353195e-05 3.14680467149761e-07 1.00000000
13052053 52.7793055555556 7.65564331585341e-05 3.41084087451404e-07 1.00000000
13052054 52.8065046296296 7.51981705180095e-05 1.18553893763308e-06 1.00000000
13052056 52.8143402777778 8.02337861074845e-05 6.16029240292419e-07 1.00000000
13052061 52.8405787037037 7.56591347726962e-05 4.85794065150752e-07 1.00000000
13052063 52.8559722222222 1.95247036312695e-05 1.30160878808351e-05 1.00000000
13052088 52.9961111111111 7.68953204068019e-05 2.50671957645061e-07 1.00000000
13053004 53.0207523148148 7.61752074614001e-05 2.58786609177108e-07 1.00000000
13053005 53.0389583333333 7.66492718514707e-05 2.69376910071156e-07 1.00000000
13053006 53.0571527777778 7.58229971434631e-05 2.69885036957308e-07 1.00000000
13053007 53.0818634259259 7.54136085870517e-05 2.79463331262726e-07 1.00000000
13053010 53.1074768518518 3.89408482607635e-05 3.53169598919999e-07 1.00000000
13053012 53.1203125 7.2789405321629e-05 2.80249111548175e-07 1.00000000
13053013 53.1386805555556 7.23890019156018e-05 3.30241578484826e-07 1.00000000
13053015 53.1575810185185 7.25055122081599e-05 2.89361099070393e-07 1.00000000
13053021 53.1960648148148 3.47420833263161e-05 4.66928115806753e-07 1.00000000
13053023 53.2081944444444 6.72794971096665e-05 3.40152281314488e-07 1.00000000
13053027 53.2665972222222 7.54697855171131e-05 3.21905470854768e-07 1.00000000
13053028 53.2843865740741 7.43316709476838e-05 3.2048369147851e-07 1.00000000
13053029 53.3025115740741 7.31211950465733e-05 4.84461359179349e-07 1.00000000
13054004 54.042349537037 7.64918040062426e-05 3.10619171335818e-07 1.00000000
13054005 54.0564583333333 8.00630266416873e-05 5.33696558747185e-07 1.00000000
13054006 54.0621759259259 7.45060262335073e-05 2.32101275052216e-07 1.00000000
13054007 54.0822453703704 7.40073464676714e-05 2.35662557829051e-07 1.00000000
13054008 54.1009259259259 7.38063176642412e-05 2.39126639979485e-07 1.00000000
13054009 54.119849537037 7.26279257120479e-05 2.44476356959323e-07 1.00000000
13054010 54.1383796296296 7.27555423761622e-05 2.4904510344267e-07 1.00000000
13054011 54.1665972222222 7.277303791951e-05 2.58159186133084e-07 1.00000000
13054012 54.1853356481481 7.24514099757414e-05 2.60697599715468e-07 1.00000000
13054013 54.2038773148148 7.29259402106908e-05 2.64735973548597e-07 1.00000000
13054014 54.2224074074074 7.26434558617362e-05 2.68674791602299e-07 1.00000000
13054015 54.2413541666667 7.23650118351072e-05 2.69995110092059e-07 1.00000000
13054016 54.2599652777778 7.24373347885762e-05 2.74574249139917e-07 1.00000000
13054017 54.2784375 7.19198869796376e-05 7.80509987643933e-07 1.00000000
13054018 54.2899305555556 7.21662480340579e-05 2.81643715663763e-07 1.00000000
13054019 54.3083564814815 5.05857209460427e-05 2.24433954678423e-07 1.00000000
13054020 54.3305902777778 3.29317815558774e-05 2.58389360269858e-07 1.00000000
13054022 54.3505208333333 7.6326876433505e-05 1.28882213449516e-06 1.00000000
13054023 54.3538078703704 7.383201323219e-05 6.12357684708787e-07 1.00000000
13054042 54.5213194444444 7.80146372303248e-05 2.6390011428745e-07 1.00000000
13054043 54.5405902777778 7.59797089809318e-05 2.70636660923309e-07 1.00000000
13054044 54.5585185185185 7.51642735635565e-05 2.74208922891839e-07 1.00000000
13054045 54.5784837962963 7.31069712846416e-05 9.76720558470289e-07 1.00000000
13054047 54.5844097222222 7.46265327350366e-05 7.55703879060538e-07 1.00000000
13054050 54.6018287037037 7.9435802871133e-05 5.28811161006115e-07 1.00000000
13054056 54.6159722222222 7.17448665371864e-05 4.34997184680873e-06 1.00000000
13054057 54.6209490740741 7.63525579362707e-05 1.25473814164582e-05 1.00000000
13054058 54.6226736111111 7.36461866817482e-05 3.21252811242204e-07 1.00000000
13054060 54.6442824074074 7.386908756833e-05 3.11918862777796e-07 1.00000000
13054061 54.6619444444444 7.31628336362967e-05 3.16118038560371e-07 1.00000000
13054062 54.6785532407407 7.28064439890536e-05 3.16050952719138e-07 1.00000000
13054063 54.6957407407407 7.24807546225261e-05 2.94055426723566e-07 1.00000000
13054064 54.7180787037037 7.32190986193726e-05 3.003947002625e-07 1.00000000
13054065 54.7382291666667 7.33013298242866e-05 3.05484535379947e-07 1.00000000
13054066 54.7578356481482 7.42252322699072e-05 4.63012989310513e-07 1.00000000
13054068 54.7763888888889 7.16157648116286e-05 3.08820394128024e-07 1.00000000
13054069 54.7978472222222 7.10597313286242e-05 3.1032533997538e-07 1.00000000
13054070 54.8178587962963 7.15794009813371e-05 3.16376618426669e-07 1.00000000
13054071 54.8383101851852 7.12061892161228e-05 3.45298310721505e-07 1.00000000
13054083 54.943599537037 7.38690429045437e-05 2.40039008362216e-07 1.00000000
13054084 54.9631712962963 7.49245447044126e-05 2.471044056874e-07 1.00000000
13054085 54.9823611111111 7.27876466857759e-05 2.48581824253709e-07 1.00000000
13055001 55.0017939814815 7.01077024167553e-05 2.6530970515488e-07 1.00000000
13055004 55.0384722222222 7.87430872074753e-05 3.76448225072689e-07 1.00000000
13055006 55.0554166666667 7.81809651041781e-05 3.08408324955093e-07 1.00000000
13055007 55.0713888888889 7.70638938410204e-05 3.11423229793909e-07 1.00000000
13055008 55.0871875 7.76673889159492e-05 3.14229056829822e-07 1.00000000
13055009 55.1033796296296 7.59441990131209e-05 3.11025229434405e-07 1.00000000
13055010 55.1195023148148 7.55192667720554e-05 3.14364556994037e-07 1.00000000
13055011 55.1361574074074 7.4198179124688e-05 3.15953385025839e-07 1.00000000
13055014 55.1678125 7.50959266210568e-05 8.32364216627516e-07 1.00000000
13055015 55.1768865740741 0.0580916569220633 0.00028053974137465 1.00000000
13055016 55.1920601851852 7.48836446303021e-05 3.34342027557847e-07 1.00000000
13055017 55.2088194444444 7.48556816993705e-05 3.37664554335014e-07 1.00000000
13055018 55.2256018518518 7.46510600110548e-05 3.42235282078063e-07 1.00000000
13055019 55.2418981481481 7.48812211025674e-05 3.44804861170487e-07 1.00000000
13055020 55.2584259259259 7.39037141958474e-05 3.45055971841963e-07 1.00000000
13055021 55.2746875 7.37842911410221e-05 3.47288285565049e-07 1.00000000
13055022 55.2911342592593 7.38848226791716e-05 3.50687333051394e-07 1.00000000
13055023 55.3075462962963 7.44796560217079e-05 8.43877921245325e-07 1.00000000
13055024 55.3117708333333 7.24306849900563e-05 8.59803438687687e-07 1.00000000
13055034 55.409837962963 7.66721124598834e-05 2.95436289178096e-07 1.00000000
13055035 55.4258101851852 7.67844030807527e-05 2.8562572897228e-07 1.00000000
13055036 55.4448842592593 7.70488080001728e-05 3.02204887596538e-07 1.00000000
13055037 55.4638888888889 7.68650638582969e-05 3.15583542078982e-07 1.00000000
13055038 55.4823263888889 7.57881749169532e-05 3.23894660955582e-07 1.00000000
13055039 55.5007407407407 7.56500115349446e-05 5.58056283858688e-07 1.00000000
13055068 55.639375 7.51860831762649e-05 2.53265149728113e-07 1.00000000
13055069 55.6577777777778 7.47999593491152e-05 2.57269847422544e-07 1.00000000
13055070 55.676099537037 7.4724368017586e-05 5.91928046343026e-07 1.00000000
13055071 55.6845717592593 7.43627875692871e-05 2.61676356913605e-07 1.00000000
13055072 55.7048032407407 7.49685087461149e-05 1.11332136754751e-06 1.00000000
13055073 55.7104282407407 7.41436311326657e-05 2.69513461064982e-07 1.00000000
13055075 55.7422453703704 7.38246992241071e-05 2.74210776588017e-07 1.00000000
13055076 55.7613310185185 7.36503485873932e-05 3.29929440627267e-07 1.00000000
13055080 55.8021527777778 7.36790397743122e-05 2.85845764389006e-07 1.00000000
13055081 55.8220486111111 7.38183521539393e-05 2.91799456474556e-07 1.00000000
13055082 55.8419907407407 7.32460716879029e-05 4.44510979008393e-07 1.00000000
13055086 55.8700925925926 7.39143047898215e-05 8.28116096065942e-07 1.00000000
13055087 55.8815509259259 7.40723391003499e-05 3.02452675392605e-07 1.00000000
13055088 55.9010185185185 7.40307397189927e-05 3.0625333972512e-07 1.00000000
13055089 55.920625 7.3814538450194e-05 2.82415856435775e-07 1.00000000
13055090 55.9434837962963 7.85714926845043e-05 5.18346507503905e-07 1.00000000
13056004 56.033275462963 7.66807416122543e-05 6.58377079353299e-07 1.00000000
13056005 56.0721759259259 7.57026930694385e-05 3.21121803847225e-07 1.00000000
13056007 56.0906018518519 7.62906849163724e-05 4.37280446739221e-07 1.00000000
13056008 56.1018055555556 7.67703502864455e-05 3.75516662236051e-07 1.00000000
13056011 56.1215509259259 7.6141888228352e-05 3.23754664683159e-07 1.00000000
13056012 56.1398611111111 7.65630828694674e-05 5.4744368423204e-07 1.00000000
13056017 56.2135069444444 8.22619656425064e-05 2.653412588569e-07 1.00000000
13056020 56.2377199074074 7.84963044318278e-05 2.7995222082236e-07 1.00000000
13056021 56.2564583333333 7.78246253140857e-05 2.9749671501377e-07 1.00000000
13056022 56.2753935185185 7.72020148569736e-05 3.09074939852792e-07 1.00000000
13056023 56.2933680555556 7.71655157473133e-05 3.18101288053694e-07 1.00000000
13056024 56.3116319444444 7.72047746035472e-05 3.29066151222253e-07 1.00000000
13056025 56.3297916666667 7.73505304698541e-05 7.59842887800245e-07 1.00000000
13056026 56.3379282407407 7.68238253806087e-05 6.40305487827177e-07 1.00000000
13056027 56.3461805555556 7.71300565491927e-05 3.43782508522591e-07 1.00000000
13056028 56.3652430555556 7.6800798959871e-05 3.57930989914071e-07 1.00000000
13056029 56.3840856481482 7.60911706330023e-05 3.61693290305717e-07 1.00000000
13056030 56.4025115740741 7.74141117869171e-05 3.71455959525305e-07 1.00000000
13056031 56.4210532407407 7.72203103378297e-05 3.77676880001115e-07 1.00000000
13056032 56.4400925925926 7.68179165704252e-05 8.72107070500219e-07 1.00000000
13056033 56.4452083333333 7.74544842224713e-05 3.86311203561691e-07 1.00000000
13056034 56.464525462963 7.78218788640243e-05 1.48018161723089e-06 1.00000000
13056035 56.4745486111111 7.73896921733867e-05 4.02144898565784e-07 1.00000000
13056037 56.4950231481481 7.75033474624526e-05 4.09830045659008e-07 1.00000000
13056038 56.5140162037037 7.83427652086979e-05 4.1605260247558e-07 1.00000000
13056039 56.533912037037 7.92115260320225e-05 4.73689574805275e-07 1.00000000
13057005 57.0772106481481 8.34463991735627e-05 2.59278870002978e-07 1.00000000
13057006 57.0954050925926 7.92586716773052e-05 2.95695869527092e-07 1.00000000
13057007 57.1107175925926 7.80038775677201e-05 2.54906752430895e-07 1.00000000
13057008 57.1301967592593 7.68887488928432e-05 2.56884004013324e-07 1.00000000
13057009 57.149537037037 7.60189033356416e-05 2.59436642019104e-07 1.00000000
13057010 57.168912037037 7.56016025462782e-05 2.63532830393536e-07 1.00000000
13057011 57.1880208333333 7.58623875321867e-05 5.90170579786377e-07 1.00000000
13057014 57.2029282407407 7.50308811652403e-05 2.72124304673997e-07 1.00000000
13057015 57.2221180555556 7.44112697713684e-05 2.73471330896632e-07 1.00000000
13057016 57.2485185185185 7.38910358189468e-05 2.75978787048622e-07 1.00000000
13057017 57.2680787037037 7.37362437434102e-05 2.75400676269511e-07 1.00000000
13057018 57.288912037037 7.38120166491113e-05 2.73414013149664e-07 1.00000000
13057019 57.3103472222222 7.43472776722544e-05 3.84749805904431e-07 1.00000000
13057021 57.3260532407407 7.37779960285062e-05 2.72383166057173e-07 1.00000000
13057022 57.3479513888889 7.3357059408585e-05 2.71050970728639e-07 1.00000000
13057023 57.3709027777778 7.31617424143254e-05 2.69356443958622e-07 1.00000000
13057024 57.3959953703704 7.35383480602417e-05 2.70163109809088e-07 1.00000000
13057025 57.4198611111111 7.30052331293331e-05 2.67313146029333e-07 1.00000000
13057026 57.444375 7.34247620205224e-05 2.67140771854473e-07 1.00000000
13057027 57.4718865740741 7.27850759387166e-05 5.17188916302456e-07 1.00000000
13057038 57.671087962963 0.000108483611000269 1.24421466296226e-05 1.00000000
13057039 57.6739930555556 8.77731034456722e-05 9.35561533090265e-06 1.00000000
13057042 57.6781481481482 7.71614152651035e-05 2.73731267231838e-07 1.00000000
13057044 57.714837962963 7.46666288878553e-05 2.69331609732701e-07 1.00000000
13057045 57.7340162037037 7.4435856227935e-05 2.72150012762906e-07 1.00000000
13057046 57.7531597222222 7.39459300948064e-05 2.74905761862465e-07 1.00000000
13057047 57.7724537037037 7.40102370366401e-05 3.23271653679406e-07 1.00000000
13057048 57.7901157407407 7.3295200929529e-05 3.21739401396171e-07 1.00000000
13057049 57.8069444444444 7.36349333104279e-05 2.83936160354306e-07 1.00000000
13057050 57.8271875 7.35223067467599e-05 2.87549683131117e-07 1.00000000
13057051 57.8466319444444 7.32106144610013e-05 2.90301365817625e-07 1.00000000
13057052 57.8663773148148 7.3131282847803e-05 2.92128405356357e-07 1.00000000
13057053 57.8856944444444 7.28611802448199e-05 2.8092140769685e-07 1.00000000
13057055 57.9127893518518 7.31821121391767e-05 3.03423874944092e-07 1.00000000
13057056 57.9328703703704 7.27622207497395e-05 3.05313142977095e-07 1.00000000
13057057 57.9527199074074 7.22230561588761e-05 3.06795823544293e-07 1.00000000
13057058 57.9720138888889 7.31824559967002e-05 4.44575493371324e-07 1.00000000
13058002 58.01125 7.27473929630469e-05 3.21347472540235e-07 1.00000000
13058003 58.0302777777778 7.37871955431959e-05 3.27268326315183e-07 1.00000000
13058008 58.228125 8.63513998585951e-05 2.74686773489847e-07 1.00000000
13058013 58.281712962963 6.56508462555643e-05 2.19511280027437e-07 1.00000000
13058014 58.3034837962963 6.60868905113854e-05 2.24332778469929e-07 1.00000000
13058015 58.3233564814815 6.63971317727035e-05 3.40809045488263e-07 1.00000000
13058016 58.3376041666667 6.58108716778795e-05 2.2957425875124e-07 1.00000000
13058017 58.3576388888889 6.51504337263564e-05 2.30878250989666e-07 1.00000000
13058018 58.377974537037 6.54061691387261e-05 2.3394969435209e-07 1.00000000
13058019 58.3988310185185 6.50666132799754e-05 2.34877155154247e-07 1.00000000
13058020 58.4198611111111 6.56329130005213e-05 2.38444086917387e-07 1.00000000
13058022 58.4424652777778 6.44922276411627e-05 1.24573184657544e-06 1.00000000
13058023 58.4453009259259 6.36628894336017e-05 2.73056112994891e-07 1.00000000
13058025 58.4660300925926 6.40218660335207e-05 2.46689804447266e-07 1.00000000
13058026 58.486724537037 6.40533526415331e-05 2.5201379427095e-07 1.00000000
13058028 58.5086921296296 6.44341405667376e-05 2.54015770049491e-07 1.00000000
13058029 58.5288888888889 6.48792755789417e-05 2.56760122211676e-07 1.00000000
13058030 58.5492939814815 6.59518227154839e-05 1.47063735929857e-06 1.00000000
13058031 58.5507175925926 6.44972816258542e-05 2.57930783182891e-07 1.00000000
13058032 58.5715393518518 6.42336784034928e-05 3.74930999352063e-07 1.00000000
13058047 58.9937962962963 0.000126364610945294 1.31727737038338e-05 1.00000000
13058048 58.9955555555556 0.000142247229882077 1.19359458403845e-05 1.00000000
13059003 59.0320601851852 9.22309289342024e-05 1.36411033582831e-06 1.00000000
13059004 59.0350810185185 9.71331190838355e-05 6.69055959449305e-07 1.00000000
13059005 59.0435648148148 8.68625776321131e-05 3.06389429069158e-07 1.00000000
13059006 59.0605092592593 8.51509483936174e-05 3.03570615159456e-07 1.00000000
13059007 59.078599537037 8.44302126896514e-05 3.05910882292054e-07 1.00000000
13059008 59.0961342592593 8.29737393813602e-05 3.45438880491455e-07 1.00000000
13059009 59.1135416666667 8.36457842563049e-05 3.11486376621644e-07 1.00000000
13059010 59.1316666666667 8.26134459304275e-05 3.09155128168375e-07 1.00000000
13059011 59.1509259259259 8.07659520748106e-05 3.05686139602289e-07 1.00000000
13059012 59.1702430555556 8.0613638338109e-05 3.08509535149344e-07 1.00000000
13059013 59.1889814814815 8.05897822204021e-05 3.07852849453007e-07 1.00000000
13059014 59.2081597222222 8.05828574620402e-05 3.12671087950129e-07 1.00000000
13059015 59.2272916666667 8.07610355686944e-05 4.4924978180066e-07 1.00000000
13059016 59.2407986111111 7.99290865352493e-05 3.17618385832397e-07 1.00000000
13059017 59.2599189814815 7.95399549518651e-05 3.19800801315037e-07 1.00000000
13059018 59.2796990740741 7.75720452149922e-05 3.20524224202451e-07 1.00000000
13059019 59.2992824074074 7.57817154635673e-05 1.28309415271735e-06 1.00000000
13059020 59.3017361111111 7.67224951231515e-05 3.19508718478482e-07 1.00000000
13059021 59.3209837962963 7.58920453950492e-05 3.19301264101835e-07 1.00000000
13059022 59.3400694444444 7.54197152841847e-05 3.21668477548926e-07 1.00000000
13059023 59.3597569444444 7.53111266335051e-05 8.58271223467861e-07 1.00000000
13059025 59.3686226851852 7.49055931886324e-05 3.28539200262712e-07 1.00000000
13059026 59.3878703703704 7.51553360258412e-05 3.30047517018683e-07 1.00000000
13059027 59.4073611111111 7.41442052624697e-05 5.4178376613148e-07 1.00000000
13059035 59.4855902777778 7.55123985012151e-05 5.35338851752246e-07 1.00000000
13059036 59.4904513888889 7.37055036064221e-05 1.7844056551489e-06 1.00000000
13059037 59.4918402777778 7.35551045009333e-05 2.31399273117936e-07 1.00000000
13059038 59.5114699074074 7.24140067146819e-05 2.31329199412836e-07 1.00000000
13059039 59.532037037037 7.19827662594218e-05 6.24780189334491e-07 1.00000000
13059076 59.7579050925926 7.70878013165728e-05 2.50861537583931e-07 1.00000000
13059077 59.7780787037037 7.33344589153324e-05 2.14589904126718e-07 1.00000000
13059078 59.8059259259259 7.18954265895038e-05 2.14715331071294e-07 1.00000000
13059079 59.8325578703704 7.01756103303419e-05 2.49734189028e-07 1.00000000
13059080 59.8527314814815 7.13865714273504e-05 2.9731959472567e-07 1.00000000
13059082 59.8722453703704 7.03803929053888e-05 2.26813020238433e-07 1.00000000
13059083 59.8982523148148 7.03986760232478e-05 2.29656954444245e-07 1.00000000
13059084 59.924525462963 6.98717500911129e-05 6.91063818845708e-07 1.00000000
13059085 59.92875 7.08451342808123e-05 2.34188040967089e-07 1.00000000
13059086 59.9544444444444 7.09907540969245e-05 2.48645469916373e-07 1.00000000
13059087 59.9783101851852 7.03260941374176e-05 3.40455159742863e-07 1.00000000
13060001 60.009212962963 7.0431413950345e-05 2.49966341579795e-07 1.00000000
13060002 60.034375 7.10257576359573e-05 2.54083976154024e-07 1.00000000
13060003 60.0592939814815 7.16774484083642e-05 3.8696252249827e-07 1.00000000
13060007 60.2014814814815 7.63058730347673e-05 4.05121934092329e-07 1.00000000
13060008 60.2115856481481 7.34148065873654e-05 2.69366140358648e-07 1.00000000
13060009 60.2294212962963 7.28903063433607e-05 2.68990793745915e-07 1.00000000
13060010 60.2478703703704 7.31612519996915e-05 1.11604626230519e-06 1.00000000
13060011 60.2507407407407 7.34821466677089e-05 2.67713288475302e-07 1.00000000
13060012 60.2712384259259 7.33452782077712e-05 3.02294981822067e-07 1.00000000
13061024 61.478275462963 7.12754671794786e-05 2.48427975440069e-07 1.00000000
13061025 61.4978819444444 7.1087709588386e-05 2.8199943832057e-07 1.00000000
13061026 61.5141203703704 7.3020918792354e-05 1.29281399163342e-06 1.00000000
13061029 61.5194675925926 7.03633858287202e-05 2.57244079120447e-07 1.00000000
13061030 61.5389930555556 6.88339324506484e-05 2.61539117520141e-07 1.00000000
13061031 61.5601388888889 6.93705377258045e-05 2.65727316263408e-07 1.00000000
13061035 61.5880555555556 6.97559307376449e-05 3.57747615898888e-07 1.00000000
13061053 61.8153703703704 7.16962608472397e-05 2.24478105660177e-07 1.00000000
13061054 61.8375925925926 7.15612553891267e-05 2.12101212476115e-07 1.00000000
13061055 61.8641203703704 7.12360141422353e-05 2.16787538863592e-07 1.00000000
13061056 61.892650462963 6.97539095426113e-05 2.4892650230393e-07 1.00000000
13061059 61.917650462963 6.74209389961545e-05 2.36769413944433e-07 1.00000000
13061060 61.9392708333333 6.76038434867254e-05 2.20115197534299e-07 1.00000000
13061061 61.9837731481481 7.09885663070088e-05 2.52785683869245e-07 1.00000000
13062001 62.0091435185185 7.00912047984064e-05 2.85883470055394e-07 1.00000000
13062002 62.0290277777778 6.955677437536e-05 4.1754216742171e-07 1.00000000
13062004 62.0473032407407 7.04649825525598e-05 2.9412251226144e-07 1.00000000
13062005 62.0665740740741 7.0534887992088e-05 2.95861205465283e-07 1.00000000
13062006 62.0861111111111 7.02641496460423e-05 3.02666346811673e-07 1.00000000
13062007 62.1053356481481 7.11515264820996e-05 3.07110419258155e-07 1.00000000
13062013 62.3057407407407 6.85270028241103e-05 2.33186095506957e-07 1.00000000
13062014 62.3252893518519 8.73269799726001e-05 1.41751321421468e-06 1.00000000
13062025 62.3902893518519 6.89480735726082e-05 2.1223988576554e-07 1.00000000
13062026 62.4101041666667 6.76544190691973e-05 2.07451411014791e-07 1.00000000
13062027 62.4324189814815 6.76573255635098e-05 2.38452459959172e-07 1.00000000
13062028 62.4516550925926 6.79063822239599e-05 2.32704961621165e-07 1.00000000
13062029 62.4721412037037 6.69054484029061e-05 2.31057965559919e-07 1.00000000
13062031 62.4934953703704 6.83114946244855e-05 3.18888495113417e-07 1.00000000
13062045 62.5428819444444 6.77548031132429e-05 4.37349279006433e-07 1.00000000
13062046 62.5513310185185 6.77327826670853e-05 3.59587245281409e-07 1.00000000
13062049 62.5809375 6.77166337387133e-05 2.65685162583752e-07 1.00000000
13062050 62.6003125 6.72421455213298e-05 2.67722084626777e-07 1.00000000
13062052 62.6238773148148 6.7210094972932e-05 5.91663199077184e-07 1.00000000
13062059 62.6526388888889 6.74632344517248e-05 2.51049586622911e-07 1.00000000
13062060 62.6751851851852 6.7175120582336e-05 5.87205479599208e-07 1.00000000
13062061 62.6795601851852 6.79854196755193e-05 3.38123773289646e-07 1.00000000
13062062 62.6929282407407 6.74198198235162e-05 2.47320816758308e-07 1.00000000
13062063 62.7174074074074 6.7477837284064e-05 2.61976143332924e-07 1.00000000
13063006 63.1131597222222 8.26545034162292e-05 6.758570223991e-07 1.00000000
13063009 63.1271412037037 7.73237859939036e-05 2.61054794211516e-07 1.00000000
13063010 63.1456712962963 7.8431657218808e-05 2.68534076356943e-07 1.00000000
13063011 63.1639699074074 7.78982135123978e-05 2.69642983859301e-07 1.00000000
13063012 63.182337962963 0.253317032776365 0.00193437425806749 1.00000000
13063020 63.2075925925926 7.67610082240167e-05 7.63695048796972e-07 1.00000000
13063022 63.2152777777778 7.73889615017203e-05 2.79331397067337e-07 1.00000000
13063023 63.2338425925926 7.62323262970488e-05 2.80571786502313e-07 1.00000000
13063030 63.2764930555556 7.52913888618618e-05 2.84004379737103e-07 1.00000000
13063031 63.2958796296296 7.50636418723173e-05 2.87633442900923e-07 1.00000000
13063032 63.3136226851852 7.4855658688927e-05 2.92440579345664e-07 1.00000000
13063033 63.3317708333333 7.35556837688747e-05 1.85277127266813e-06 1.00000000
13063034 63.3362268518519 7.66250337982184e-05 2.61352130663198e-07 1.00000000
13063035 63.360625 7.81534934505792e-05 2.69321000647075e-07 1.00000000
13063036 63.384224537037 7.64724377936645e-05 2.41659404412148e-07 1.00000000
13063051 63.5432175925926 9.10804440114816e-05 2.83435353474561e-07 1.00000000
13063053 63.5670138888889 9.70646325087875e-05 2.72869625465273e-07 1.00000000
13063054 63.5904050925926 9.3701045129813e-05 2.86758127265634e-07 1.00000000
13063059 63.7352662037037 8.94400755533782e-05 2.55401020736752e-07 1.00000000
13063061 63.7641898148148 7.85381517382662e-05 2.32893890878548e-07 1.00000000
13063062 63.7898842592593 7.98152595445387e-05 2.4163055650934e-07 1.00000000
13063063 63.8158680555556 8.10531009574163e-05 5.41669367662922e-07 1.00000000
13063065 63.8286111111111 9.28045400866057e-05 3.86148429977218e-07 1.00000000
13063067 63.8533217592593 9.27843962543633e-05 3.96728036170547e-07 1.00000000
13063068 63.8687152777778 9.53191785443432e-05 2.97832125112778e-07 1.00000000
13063071 63.8998148148148 9.76185461089412e-05 5.70178230016137e-07 1.00000000
13063072 63.9099189814815 9.01475822762064e-05 3.63392912389006e-07 1.00000000
13063073 63.9272569444444 9.11412060384156e-05 2.98025839931476e-07 1.00000000
13063074 63.9530787037037 9.29572028014402e-05 3.3935680752663e-07 1.00000000
13063076 63.9765740740741 8.85025461863953e-05 2.86613275674468e-07 1.00000000
13064001 64.0045833333333 8.69328118158906e-05 3.39576606864301e-07 1.00000000
13064002 64.025162037037 8.64232153405154e-05 2.76687006058623e-07 1.00000000
13064003 64.0565509259259 8.98113737246047e-05 3.71434310056521e-07 1.00000000
13064004 64.0752662037037 8.85936584306445e-05 3.7371950619441e-07 1.00000000
13064005 64.0948611111111 8.75952826743701e-05 5.97980565439956e-07 1.00000000
13064006 64.1056944444444 8.5975768497263e-05 9.5044545240639e-07 1.00000000
13064012 64.2054050925926 8.88727173331024e-05 3.70424344517984e-07 1.00000000
13064014 64.2214583333333 9.03009963303379e-05 2.75018264241528e-07 1.00000000
13064020 64.2631944444444 8.36991773679699e-05 2.83489127921938e-07 1.00000000
13064021 64.2822800925926 8.44316771142007e-05 2.90675245026925e-07 1.00000000
13064022 64.3005671296296 8.22521194063943e-05 3.062845063895e-07 1.00000000
13064023 64.3190972222222 8.39274259678393e-05 3.04493793293855e-07 1.00000000
13064024 64.3378009259259 8.55798904361953e-05 2.52928252215679e-07 1.00000000
13064025 64.3648611111111 8.58476029516496e-05 2.79650071109988e-07 1.00000000
13064026 64.3890046296296 8.35676260242473e-05 3.39851378226414e-07 1.00000000
13064028 64.4306134259259 8.13056581893933e-05 3.21475998856364e-07 1.00000000
13064029 64.4503009259259 8.33626311514993e-05 2.69048927650806e-07 1.00000000
13064030 64.4785532407407 8.65736378667378e-05 3.46278711826859e-06 1.00000000
13064031 64.4792824074074 8.18549575313706e-05 2.82231576699847e-07 1.00000000
13064032 64.5052662037037 8.05502334477404e-05 3.51364955259033e-07 1.00000000
13064052 64.6147916666667 8.01079516626578e-05 7.96559488260532e-07 1.00000000
13064055 64.624537037037 7.67815592719777e-05 2.15637931084108e-07 1.00000000
13064056 64.6543055555556 7.16805496230247e-05 2.5120010803835e-07 1.00000000
13064057 64.6756597222222 7.15669901642304e-05 2.58739831154182e-07 1.00000000
13064059 64.7300231481481 7.01811554622416e-05 5.83668014094271e-07 1.00000000
13064061 64.7390277777778 7.30698411245997e-05 3.72311978660936e-07 1.00000000
13064064 64.7561921296296 6.68747604528893e-05 2.35061713588641e-07 1.00000000
13064065 64.7844444444444 6.50157936489916e-05 2.20201845307444e-07 1.00000000
13064066 64.8165740740741 6.55127593943214e-05 2.79681451344893e-07 1.00000000
13064067 64.8398842592593 6.5835049178469e-05 1.17259896024961e-06 1.00000000
13064068 64.8436226851852 6.59355555528362e-05 3.34506037095226e-07 1.00000000
13064070 64.8635185185185 6.59904320432617e-05 2.56441420932577e-07 1.00000000
13064074 64.8950462962963 6.61147627204965e-05 2.73285684448541e-07 1.00000000
13064075 64.9209027777778 6.66021533082711e-05 2.46529372552593e-07 1.00000000
13065005 65.0997106481481 6.79149213456272e-05 2.22425143357772e-07 1.00000000
13065006 65.119537037037 6.74673732757843e-05 2.36240014746087e-07 1.00000000
13065007 65.1397453703704 6.6472111715647e-05 2.45852660812426e-07 1.00000000
13065008 65.1585300925926 6.63093224348175e-05 2.53383283792665e-07 1.00000000
13065009 65.1786111111111 6.63086346033511e-05 2.58981665350263e-07 1.00000000
13065013 65.2147916666667 6.78138410544147e-05 8.14703564830325e-07 1.00000000
13065014 65.2229513888889 6.59799834239388e-05 2.71070741866643e-07 1.00000000
13065015 65.2426041666667 6.59573049176682e-05 2.75687721408409e-07 1.00000000
13065016 65.2620717592593 6.59943591796961e-05 2.78136056117796e-07 1.00000000
13065017 65.2817708333333 6.64146640263044e-05 2.85126381690852e-07 1.00000000
13065018 65.3012152777778 6.7231455703171e-05 2.93339635986397e-07 1.00000000
13065019 65.3200231481481 6.64526585552999e-05 2.62972556567811e-07 1.00000000
13065020 65.3442361111111 6.69625590277586e-05 2.75351758810733e-07 1.00000000
13065021 65.366412037037 6.74131875427773e-05 2.8060127137013e-07 1.00000000
13065022 65.388275462963 6.59545321559794e-05 3.65231295135575e-07 1.00000000
13065046 65.6676851851852 7.19727209679468e-05 1.90163558909907e-07 1.00000000
13065047 65.6980555555556 6.94460375310874e-05 2.46298687086477e-07 1.00000000
13065048 65.7183564814815 6.90166527900104e-05 2.23658740479534e-07 1.00000000
13065049 65.7431944444444 6.83050697972977e-05 2.29094032095319e-07 1.00000000
13065050 65.7678472222222 6.8872259144155e-05 2.35105419543394e-07 1.00000000
13065051 65.8024884259259 6.89140296496672e-05 4.76193326334191e-07 1.00000000
13065052 65.8197337962963 6.81183038721531e-05 2.86728319007009e-07 1.00000000
13065053 65.8395601851852 6.76704387987664e-05 2.61614144650565e-07 1.00000000
13065055 65.8727199074074 6.902561272352e-05 2.98427391971234e-07 1.00000000
13065056 65.8933217592593 6.72620830884513e-05 2.64450007809167e-07 1.00000000
13065058 65.9215740740741 6.71649763754858e-05 3.17942506977365e-07 1.00000000
13065059 65.9405324074074 6.74428987671463e-05 3.13724655710857e-07 1.00000000
13065060 65.9608217592592 6.77553571939584e-05 2.6029221242139e-07 1.00000000
13066021 66.1260416666667 6.95486219068572e-05 3.01892747216021e-07 1.00000000
13066022 66.1446643518519 6.91919603260569e-05 3.08654284032521e-07 1.00000000
13066023 66.1630324074074 6.85540427053568e-05 3.15698488555259e-07 1.00000000
13066024 66.1809490740741 6.93326244528341e-05 3.2484643493432e-07 1.00000000
13066025 66.2012384259259 6.96406104348727e-05 3.29687033827845e-07 1.00000000
13066026 66.2199768518519 6.86357653275478e-05 3.32541455533577e-07 1.00000000
13066027 66.2380671296296 6.85896510002989e-05 3.35250750834546e-07 1.00000000
13066028 66.2565856481481 6.85701820302245e-05 3.39411204739389e-07 1.00000000
13066029 66.2756018518518 6.84801678983757e-05 3.44196383230939e-07 1.00000000
13066030 66.2945949074074 6.76455871093993e-05 3.44134663190911e-07 1.00000000
13066031 66.3135185185185 6.77446566754392e-05 3.46931494755391e-07 1.00000000
13066033 66.3335532407407 6.75783039713278e-05 3.4714198681756e-07 1.00000000
13066034 66.3529050925926 6.82102101348984e-05 3.45242434437782e-07 1.00000000
13066035 66.3726736111111 6.7231841423147e-05 3.33880795554017e-07 1.00000000
13066036 66.3941550925926 6.71184263127276e-05 5.74061708515675e-07 1.00000000
13066100 66.7947569444444 5.79435552202049e-05 3.21402091073555e-06 1.00000000
13066101 66.796712962963 6.33482044200301e-05 3.77696885319388e-07 1.00000000
13066102 66.807662037037 6.35315497479819e-05 3.50922023972018e-07 1.00000000
13066104 66.8199074074074 6.53640782346303e-05 3.24241923439861e-07 1.00000000
13066105 66.8372106481481 6.98912340450368e-05 1.22068331639635e-06 1.00000000
13066109 66.857962962963 6.86062162166736e-05 2.21798246953787e-07 1.00000000
13066110 66.8921643518518 6.93833159517375e-05 2.12729674167274e-07 1.00000000
13067001 67.0007523148148 8.25124086365086e-05 2.31171808175837e-07 1.00000000
13067002 67.0213310185185 7.64650513599163e-05 2.14834418088784e-07 1.00000000
13067003 67.0436111111111 7.43456833687733e-05 2.25198629206181e-07 1.00000000
13067004 67.0656365740741 7.33016160093433e-05 2.31515995926414e-07 1.00000000
13067005 67.086712962963 7.29664502109523e-05 2.75064698563963e-07 1.00000000
13067006 67.1046759259259 7.2726608752943e-05 3.17314564718535e-07 1.00000000
13067007 67.1255324074074 7.25181198964475e-05 2.50702439159483e-07 1.00000000
13067008 67.1459143518519 7.24463002319917e-05 2.56455650760122e-07 1.00000000
13067009 67.1665509259259 7.2549548772391e-05 2.61729837041387e-07 1.00000000
13067010 67.186400462963 7.25339662528521e-05 2.64963415701512e-07 1.00000000
13067011 67.2063078703704 7.27188697388583e-05 2.6861996378314e-07 1.00000000
13067012 67.2266666666667 7.27643044622967e-05 3.24405377042177e-07 1.00000000
13067013 67.2444328703704 7.25091280809129e-05 2.81170059452827e-07 1.00000000
13067014 67.2643055555556 7.26669242147627e-05 2.98170079402996e-07 1.00000000
13067015 67.2823032407407 7.29316713840542e-05 3.00646601485617e-07 1.00000000
13067017 67.3016319444445 7.31819306661357e-05 4.31407394077634e-07 1.00000000
13068017 68.0834375 7.64677548933574e-05 2.50995674506102e-07 1.00000000
13068022 68.115162037037 7.4327957576965e-05 3.06423052259064e-07 1.00000000
13068023 68.1311226851852 7.40694916254698e-05 3.63373306770685e-07 1.00000000
13068027 68.2084375 6.88096923656907e-05 2.42141063271007e-07 1.00000000
13068028 68.2340393518518 7.1112856329646e-05 6.08915476769026e-07 1.00000000
13068029 68.2588657407407 6.99058324890125e-05 2.82682981931965e-07 1.00000000
13068034 68.3090162037037 7.04655743378353e-05 2.91167098370143e-07 1.00000000
13068036 68.3314699074074 7.11450470063021e-05 2.50177699915313e-07 1.00000000
13068037 68.3587152777778 7.14989358410116e-05 2.69108562659389e-07 1.00000000
13068057 68.5772453703704 7.51997006578408e-05 2.18696051552741e-07 1.00000000
13068058 68.5967361111111 7.27029608085787e-05 2.12690217884132e-07 1.00000000
13068059 68.6174189814815 7.27792407528569e-05 2.13689331791365e-07 1.00000000
13068060 68.6395138888889 9.30693991649314e-05 2.83528862640778e-07 1.00000000
13068084 68.8781712962963 9.05257181119196e-05 6.92133901387315e-07 1.00000000
13068085 68.8810532407407 8.60633914121256e-05 2.51542632302362e-07 1.00000000
13068086 68.8993287037037 8.37233258125321e-05 2.54267612581193e-07 1.00000000
13068087 68.9182986111111 8.19788500518761e-05 2.32214639204758e-07 1.00000000
13068088 68.9410416666667 8.14584209907823e-05 2.25792244192044e-07 1.00000000
13068090 68.9684606481481 8.05265440218016e-05 2.11168160619416e-07 1.00000000
13069001 69.0017592592593 8.06144154771246e-05 1.78778973422423e-07 1.00000000
13069002 69.0464351851852 8.01272106794156e-05 2.73250476046876e-07 1.00000000
13069003 69.0671527777778 8.05969728347542e-05 3.62259819115722e-07 1.00000000
13069004 69.0829166666667 8.05461224025206e-05 2.68080120386956e-07 1.00000000
13069005 69.1054976851852 8.03531501577223e-05 3.01996671501977e-07 1.00000000
13069006 69.1283101851852 8.0714044204362e-05 3.01646926856554e-07 1.00000000
13069007 69.1473958333333 8.03135095006014e-05 2.96406154700594e-07 1.00000000
13069008 69.1684143518519 7.98069322090302e-05 3.09712288640853e-07 1.00000000
13069013 69.2701851851852 8.57325034878198e-05 2.3564651147332e-07 1.00000000
13069014 69.2903935185185 8.3391743318643e-05 2.27064013128901e-07 1.00000000
13069016 69.3187384259259 8.2264402493847e-05 2.48682498414798e-07 1.00000000
13069017 69.3382291666667 8.1093122066681e-05 2.46331177803745e-07 1.00000000
13069018 69.3592013888889 8.10535354737703e-05 2.55692720678343e-07 1.00000000
13069020 69.3820486111111 8.06459111266109e-05 5.68540106592189e-07 1.00000000
13069021 69.3905439814815 8.03412219481269e-05 2.48995212562139e-07 1.00000000
13069022 69.4124537037037 7.98613600174973e-05 2.49005138330042e-07 1.00000000
13069023 69.4364467592593 8.08166741788039e-05 2.57204273002703e-07 1.00000000
13069024 69.4585185185185 8.11640191542411e-05 4.2557858235937e-07 1.00000000
13069026 69.4725462962963 8.06766181238689e-05 2.85723585440203e-07 1.00000000
13069027 69.4919675925926 7.93320440620454e-05 3.52429827584187e-07 1.00000000
13069029 69.5214583333333 7.83861583337064e-05 1.08354396297099e-06 1.00000000
13069030 69.5234837962963 7.97994009505229e-05 2.70039635096084e-07 1.00000000
13069031 69.5459606481482 8.01028665765758e-05 6.98103538723912e-07 1.00000000
13069035 69.5540393518519 7.95678498046769e-05 2.83802989195666e-07 1.00000000
13069036 69.5751388888889 8.00545269754897e-05 3.97522666385926e-07 1.00000000
13069066 69.7859259259259 8.36307365275431e-05 2.07830995977651e-07 1.00000000
13069067 69.8110300925926 8.22262841842906e-05 2.01199781662975e-07 1.00000000
13069068 69.8385416666667 8.2077522667484e-05 2.2060126326686e-07 1.00000000
13069069 69.8627199074074 8.2372663266816e-05 4.08123409357134e-07 1.00000000
13069073 69.8946412037037 8.16159092187802e-05 2.15216532035097e-07 1.00000000
13069074 69.9225 8.12613487184923e-05 1.99439714028231e-06 1.00000000
13070006 70.3053587962963 8.15569253719006e-05 3.64962880289991e-07 1.00000000
13070008 70.315775462963 8.05302730981949e-05 2.02455515950361e-07 1.00000000
13070010 70.3440393518519 8.16265740052495e-05 1.9954609664169e-07 1.00000000
13070011 70.3722685185185 8.10236363439615e-05 2.64412270974503e-07 1.00000000
13070012 70.3889814814815 8.05780456070731e-05 2.09631012897451e-07 1.00000000
13070014 70.4188657407407 8.2011173240738e-05 5.20654995899104e-07 1.00000000
13070015 70.4240162037037 8.1288481775528e-05 1.23614042613239e-06 1.00000000
13070016 70.4349189814815 8.14919429475259e-05 2.52276783810473e-07 1.00000000
13070017 70.4555555555556 8.24911969214591e-05 2.5397305632622e-07 1.00000000
13070018 70.4767824074074 8.201835354951e-05 4.8097829081802e-07 1.00000000
13070019 70.4840972222222 8.36309127859481e-05 1.26751716741262e-06 1.00000000
13070020 70.4861689814815 8.18826871996073e-05 2.6368657430034e-07 1.00000000
13070021 70.5069097222222 8.21173480973155e-05 6.15971573737179e-07 1.00000000
13070022 70.511412037037 8.19239406599679e-05 2.60310455501884e-07 1.00000000
13070024 70.5438657407407 8.00284848438733e-05 6.42715601931144e-07 1.00000000
13070025 70.5484027777778 8.01618190251559e-05 2.70551178425732e-07 1.00000000
13070026 70.5688888888889 8.00296992780743e-05 2.82305163746709e-07 1.00000000
13070027 70.5889351851852 8.0166596606318e-05 2.99647076766988e-07 1.00000000
13070030 70.6127893518519 7.9969102138839e-05 1.59485617976362e-06 1.00000000
13070056 70.8806828703704 0.000205105336260834 3.61501378749873e-07 1.00000000
13070057 70.9048148148148 0.000196672971826092 3.66485725706516e-07 1.00000000
13070058 70.9274652777778 0.000196269628283877 3.6256731794632e-07 1.00000000
13070059 70.9514467592593 0.00019669676853963 6.86618932406366e-07 1.00000000
13070060 70.9628703703704 0.000195974238634051 6.45235337724066e-07 1.00000000
13070061 70.9783217592593 0.000196790860932596 1.38818879993263e-06 1.00000000
13071003 71.0089583333333 0.000185146775181525 4.09010033202576e-07 1.00000000
13071004 71.0290972222222 0.000186281630107147 4.3774513849744e-07 1.00000000
13071005 71.0469328703704 0.000182946708311537 4.35294215737737e-07 1.00000000
13071006 71.0648148148148 0.000180926260460039 8.35833377292614e-07 1.00000000
13071008 71.0767476851852 0.000166971705149929 6.56310643773606e-07 1.00000000
13071009 71.0923958333333 7.00921803238963e-05 4.60419295283673e-07 1.00000000
13071010 71.1020833333333 6.93585987482542e-05 2.69030483185974e-07 1.00000000
13071011 71.122025462963 6.91398300155831e-05 2.68783188355997e-07 1.00000000
13071012 71.1415625 6.8753659926911e-05 2.56060765297738e-07 1.00000000
13071028 71.5106018518518 6.8547071275503e-05 2.26888215988756e-07 1.00000000
13071029 71.5302430555556 6.77778157454623e-05 2.40063944918534e-07 1.00000000
13071031 71.5509490740741 6.866244169045e-05 2.27083568485851e-07 1.00000000
13071032 71.5721875 6.99174647055399e-05 2.27016953315796e-07 1.00000000
13071033 71.5940856481482 6.97415948238304e-05 2.40046214829929e-07 1.00000000
13071034 71.6141666666667 6.78813652829559e-05 4.79971019002148e-06 1.00000000
13071037 71.6301041666667 6.95039166027238e-05 2.92913245077575e-06 1.00000000
13071038 71.6313888888889 6.78497258351458e-05 4.49991842001542e-07 1.00000000
13071040 71.6410069444444 6.8686185899698e-05 1.27498623363526e-06 1.00000000
13071041 71.6437268518518 6.85092242681743e-05 2.04444233320408e-07 1.00000000
13071042 71.6728587962963 6.6390824233664e-05 2.93921656194989e-07 1.00000000
13071043 71.6873611111111 6.63227049870036e-05 2.44501977581295e-07 1.00000000
13071045 71.7150578703704 6.63166485474641e-05 2.3543293319442e-07 1.00000000
13071046 71.7377083333333 6.57028161423628e-05 3.62472653351711e-07 1.00000000
13071048 71.7512731481481 6.84153768109005e-05 3.44773673059954e-07 1.00000000
13071050 71.7720949074074 6.63296238473058e-05 2.35261167636104e-07 1.00000000
13071051 71.7973263888889 6.57874377425131e-05 4.71751411942975e-07 1.00000000
13071055 71.8127083333333 6.62431972772129e-05 2.70137318182364e-07 1.00000000
13071064 71.9415856481481 7.33790580123747e-05 2.26271814843812e-07 1.00000000
13072001 71.9609837962963 7.04069417091706e-05 2.32122721635876e-07 1.00000000
13072002 71.9798032407407 6.9528688367708e-05 2.26253787696387e-07 1.00000000
13072003 71.9997453703704 6.87319491342394e-05 2.20158070322585e-07 1.00000000
13072004 72.0211689814815 6.87686774081122e-05 2.78861028539567e-07 1.00000000
13072005 72.0349421296296 6.83182351291358e-05 2.29147188743067e-07 1.00000000
13072006 72.0557060185185 6.80496074507471e-05 4.95613694885341e-07 1.00000000
13072007 72.0640740740741 6.85335200500419e-05 2.38471888472975e-07 1.00000000
13072008 72.0856134259259 6.84886479696656e-05 2.25593943025687e-07 1.00000000
13072009 72.1084027777778 6.79349088708126e-05 2.47671796347316e-07 1.00000000
13072010 72.1293287037037 6.78299993349297e-05 2.624310592037e-07 1.00000000
13072011 72.1470138888889 6.75247227933933e-05 2.54206684499165e-07 1.00000000
13072014 72.1739236111111 6.77854955887444e-05 3.41894657388788e-07 1.00000000
13072015 72.1884837962963 6.76846379150604e-05 3.18805980625431e-07 1.00000000
13072016 72.2023726851852 6.76089770682084e-05 2.19221477721245e-07 1.00000000
13072017 72.2291203703704 6.71603828236299e-05 2.63041570498303e-07 1.00000000
13072018 72.2482175925926 6.71827781675674e-05 2.67470899381907e-07 1.00000000
13072019 72.2671759259259 6.70663516435193e-05 3.82188776465731e-07 1.00000000
13072020 72.2777199074074 6.7559168264047e-05 3.43726121051079e-07 1.00000000
