13040003 40.0111805555556 0.00112428663811463 5.93408342259177e-06 12.89807987
13040016 40.0760648148148 0.00109125534534914 1.08383451181108e-05 11.32811928
13040017 40.0807175925926 0.00111890005682287 1.97309631955253e-05 10.39931965
13040018 40.0828703703704 0.00108593396108165 7.61024057319526e-06 10.41011906
13040037 40.2025115740741 0.00103710652794627 1.62939263867474e-05 8.03231907
13040040 40.2200115740741 0.0010190069481312 6.67358921710791e-06 7.76699972
13040041 40.2394675925926 0.115863047662403 0.00174248627132182 7.24751949
13040042 40.2506134259259 0.00102696317338154 6.98917323566105e-06 7.10243988
13040043 40.2654050925926 0.00101909049742341 6.91180938530504e-06 6.96311951
13040044 40.2808449074074 0.0010277320827614 7.18565171994341e-06 6.42851973
13040045 40.2962615740741 0.00101726390057847 7.07890010893901e-06 6.59339952
13040046 40.3112037037037 0.00101203729887202 1.56784441634488e-05 6.03395987
13041002 41.2118634259259 0.00104968758651643 8.76553879808e-06 11.40659904
13041009 41.2993287037037 0.00110381295058786 5.64490448685267e-06 11.84435940
13041010 41.3140393518519 0.00111855294454237 8.99567353803459e-06 11.04083920
13041082 41.7666319444444 0.0009717025250361 6.04132713431389e-06 14.63543892
13041101 41.8104861111111 0.00103965482567449 4.41139243486441e-06 14.15195942
13041102 41.8277662037037 0.00104595523719387 4.44534136637816e-06 14.05223942
13041108 41.8582060185185 0.00102959242764049 4.9190625984358e-06 13.16735935
13041109 41.8818287037037 0.00103092003564572 4.66073509307646e-06 12.47579956
13041110 41.9000347222222 0.00101789925031549 4.815692539685e-06 11.43935966
13041115 41.9295138888889 0.00101417798932837 4.84955792372452e-06 11.21219921
13041116 41.9480439814815 0.0010056257308985 4.92981168146792e-06 10.73411942
13041119 41.9763773148148 0.00100688581516758 5.11721483836207e-06 10.05480003
13042001 42.0006018518519 0.00100515262345556 5.13502670356802e-06 9.86111927
13042002 42.0195717592593 0.00100064201276159 5.42067767143625e-06 9.52847958
13042003 42.0381712962963 0.00101111088486345 5.8008525176574e-06 9.76643944
13042006 42.2619212962963 0.0010249983272005 4.68948390565349e-06 12.28247929
13042007 42.2790046296296 0.00102327537251883 4.7535230237286e-06 11.72951889
13042008 42.295462962963 0.00101464030735756 4.80561086219082e-06 11.36159992
13042013 42.3236805555556 0.00101346484410715 4.83885370584317e-06 10.51163960
13042015 42.3412962962963 0.00101564538661353 4.82800918009287e-06 10.57643890
13042016 42.359224537037 0.00100859161233791 5.04430502130668e-06 10.15559959
13042017 42.3832986111111 0.00100066598757153 5.13253515815794e-06 9.71027946
13042018 42.4010300925926 0.000999940274292233 5.13515519139235e-06 9.67391968
13042019 42.4187268518519 0.000995134951918767 5.16086708696512e-06 9.53711987
13042020 42.4378587962963 0.00102312025117 2.1276277817152e-05 9.24479961
13042022 42.4430092592593 0.000994484636435265 4.49753158948274e-06 9.27396011
13042023 42.4656018518519 0.00115369571348756 7.49853278832283e-06 8.99819946
13042024 42.5167592592593 0.0013093275666221 7.20841788809098e-06 8.44956017
13042025 42.5345023148148 0.0012963278662677 7.2048636514408e-06 8.29296017
13042026 42.5521064814815 0.00129898595020848 7.34513675478691e-06 8.09927940
13042027 42.5697916666667 0.00129773066288745 7.36736990555942e-06 8.04743958
13042046 42.8201157407407 0.00107799825249489 3.58058111141369e-06 26.87795830
13042047 42.8361111111111 0.0010745675085917 3.60078150792822e-06 25.26119804
13042048 42.8532175925926 0.00106908556847855 3.17984969587317e-06 23.56487846
13042049 42.8759027777778 0.00105968311699091 3.75330621103136e-06 21.87755966
13042050 42.8932986111111 0.00105406942600485 5.3674540773828e-06 21.18132019
13043005 43.2440972222222 0.00108562712490492 3.67519977028148e-06 25.11359978
13043006 43.2601157407407 0.00107234050765908 3.82907019882627e-06 22.24007797
13043011 43.2925694444444 0.00106092608925477 4.01054592180699e-06 18.72756004
13043012 43.3093171296296 0.00105068880451759 4.1031565001327e-06 17.43156052
13043013 43.3267824074074 0.0010467543340522 4.21781923648086e-06 16.22232056
13043017 43.3515509259259 0.000959062663278495 5.07416915305554e-06 15.05951977
13043023 43.411087962963 0.00101448435304909 4.8799570446117e-06 12.82751942
13043030 43.4680787037037 0.00100105002158728 4.82458927802115e-06 11.46383953
13043031 43.4885648148148 0.000911425125851077 1.18157276060539e-05 11.15567970
13043032 43.498900462963 0.000914889157930648 4.73076734985869e-06 10.69523907
13043035 43.53 0.000875404850548116 4.66675702896941e-06 10.39608002
13043044 43.6758912037037 0.000959976741236164 3.33444360344593e-06 26.67887878
13043047 43.7145833333333 0.000937063980904635 3.43204931489883e-06 23.00975990
13043048 43.7324189814815 0.000936402130651385 3.49352350100572e-06 22.05323792
13043049 43.7505787037037 0.000931421470919779 3.54794368524181e-06 20.97467804
13043050 43.7695023148148 0.00092017922005265 3.58553407701948e-06 20.13047791
13043051 43.7884259259259 0.000948828584953859 2.16011015905319e-05 19.28699875
13043052 43.7995717592593 0.000912606678953785 3.76097350582134e-06 17.87615967
13043053 43.8185300925926 0.000907665857483832 3.81462474815458e-06 17.16839981
13043054 43.8379282407407 0.000906351792855226 3.91092640722861e-06 16.25651932
13043055 43.8577199074074 0.000900060332324039 4.06931011951116e-06 14.72327995
13043056 43.8779513888889 0.000891826326094705 4.23344956377632e-06 13.37219906
13043057 43.8980787037037 0.000906779818650921 4.52439171721263e-06 11.89907932
13043058 43.9279861111111 0.000888980287588673 4.11877473900262e-06 14.11379910
13043059 43.9476388888889 0.000899173808652247 4.24060353181854e-06 13.40603924
13043060 43.9673726851852 0.000909329996916766 7.62428573153256e-06 12.99239922
13043063 43.9899421296296 0.000926130073100031 1.97032610409143e-05 12.69215965
13044017 44.2143981481481 0.000933122269939998 3.52677406086795e-06 21.31775856
13044018 44.2323148148148 0.00092218549045747 3.57028045656521e-06 20.29211998
13044019 44.250462962963 0.000923591488348764 3.65097288340059e-06 19.24163818
13044020 44.2689814814815 0.000917658872284901 4.1729079961561e-06 18.40032005
13044021 44.2916666666667 0.0009120597802957 3.80765871537303e-06 17.28827858
13044022 44.3106018518519 0.000911041985647394 3.81103319058218e-06 17.13131905
13044023 44.3294791666667 0.000905331405635593 3.89022127490761e-06 16.26983833
13044024 44.3484490740741 0.000909261541917982 3.9793733867835e-06 15.53939915
13044025 44.3705671296296 0.000902680859177089 4.0248608742304e-06 14.97563934
13044026 44.3907291666667 0.000896454643979958 6.25994275590611e-06 14.51231956
13044029 44.4212847222222 0.000894871278308305 5.05176432773902e-06 13.62599945
13044030 44.4377662037037 0.00089566468378349 4.20947970332268e-06 13.46291924
13044031 44.4573842592593 0.000895405779391627 5.36789011896279e-06 13.20156002
13044034 44.4788310185185 0.000906868374350704 9.58374736645284e-06 12.67343903
13044118 44.896875 0.000599999988791892 0.00011952099621099 26.14535904
13044119 44.8989699074074 0.000976571153528147 7.82306716867215e-06 25.77779961
13044121 44.9038888888889 0.000962950395652115 7.63658380887393e-06 25.21763802
13044122 44.9093518518519 0.000956929353330607 3.24086788123384e-06 24.44759941
13044123 44.9283333333333 0.000951840354308629 3.57238048106802e-06 22.87331963
13044124 44.9458680555556 0.000943948676258445 3.60545286735141e-06 21.94343948
13044125 44.9660185185185 0.000944053949270625 4.01967876801846e-06 20.53295898
13044126 44.9884027777778 0.000924315541101629 4.14139425773167e-06 19.68803787
13045001 45.0033796296296 0.000930818491961221 4.20215440521289e-06 19.37735939
13045003 45.0184143518519 0.000928388683896583 1.32737427701615e-05 18.73007774
13045005 45.0433101851852 0.000923627529889274 3.62603861590429e-06 17.09136009
13045006 45.0693981481481 0.000853074914883618 4.55433193537414e-06 16.15499878
13045007 45.096400462963 0.00091834477746215 3.74332638751391e-06 15.70932007
13045012 45.1260300925926 0.000909945491130332 4.78540069330266e-06 15.26292038
13045029 45.1685532407407 0.000888748541024474 4.29245556006048e-06 13.85783863
13045056 45.4773842592593 0.000964638042122289 2.96763780561379e-06 29.87964058
13045133 45.8602893518519 0.000967762960407984 3.08990652338143e-06 31.06403923
13045134 45.8778356481481 0.000958677366481258 3.12109614335602e-06 28.97747803
13045135 45.8971643518518 0.000955488816124325 3.97793338967374e-06 26.98703766
13045138 45.9129050925926 0.00095049958878056 3.19853157816836e-06 26.44019890
13045145 45.9555439814815 0.000929088644073894 3.29540213807516e-06 23.62967873
13045146 45.9744212962963 0.000938804444300991 8.63429934050986e-06 22.98203850
13045164 45.9979513888889 0.000920368687243151 3.35046457549916e-06 22.33943939
13046001 46.0181365740741 0.00092467198698976 3.41973085572688e-06 21.76055908
13046002 46.0372800925926 0.000920687387529796 1.32509364737045e-05 20.97575951
13046003 46.0480324074074 0.000916747366537319 3.7575034287078e-06 20.72303963
13046004 46.0645833333333 0.000911918129296292 3.95408316668058e-06 20.37743950
13046008 46.1530439814815 0.00101801411138441 7.30823186860133e-06 41.15951920
13046010 46.1591550925926 0.00100269691406989 8.05380065284133e-06 39.00923920
13046011 46.1637615740741 0.00099492305788044 3.18156062966552e-06 38.22407913
13046012 46.1791435185185 0.00098429410698167 2.85626896280949e-06 33.91847610
13046013 46.1979166666667 0.000971413365622242 2.82100516999424e-06 32.49324036
13046014 46.219224537037 0.000966974467599561 4.65207325436102e-06 30.33539963
13046015 46.2290162037037 0.000964712066393703 4.06727773040754e-06 29.53691864
13046017 46.2453472222222 0.000956596206485617 2.88672779950429e-06 28.61603928
13046028 46.2887615740741 0.000938130428227856 3.23371307311092e-06 25.94591904
13046029 46.3071064814815 0.000928448938737036 4.38063768508299e-06 25.44335938
13046118 46.9664814814815 0.000983361495760168 6.01971028786901e-06 32.35644150
13046119 46.9764699074074 0.000968407257164901 5.44003742566173e-06 31.04063988
13046120 46.986087962963 0.00097861565522812 4.8523111138137e-06 30.05819893
13046121 46.9947337962963 0.000970153636838428 4.67087193944159e-06 29.26152039
13047002 47.0056828703704 0.000961634164515933 3.54345590961763e-06 29.29283905
13047003 47.0201157407407 0.000963865001890506 5.41928538467607e-06 28.01951981
13047004 47.0278240740741 0.000942135736216446 5.61871096843262e-06 21.91283798
13047014 47.1780092592593 0.00103937850454279 1.77212436787603e-05 49.10831833
13047018 47.1865972222222 0.0010376853508828 9.94704827191476e-06 44.74583817
13047022 47.1994560185185 0.0010134151857309 8.51280749485179e-06 40.92371750
13047023 47.2051041666667 0.00100427056341815 2.81236322438841e-06 39.82355499
13047024 47.2230671296296 0.000994967168819116 5.54543848596052e-06 37.18259811
13047026 47.2356828703704 0.000990393312280687 3.49282597332533e-06 35.87651825
13047027 47.2485763888889 0.000975545770712088 3.86605929645581e-06 34.70615768
13047028 47.2760069444444 0.000986149000923526 4.29059000596561e-06 32.43923950
13047029 47.2907407407407 0.000968119984125559 3.83026978860116e-06 31.53564072
13047030 47.3031134259259 0.000966556755495904 3.8550757184865e-06 30.13739777
13047031 47.3157523148148 0.000958808773109758 3.6808539119765e-06 29.28419876
13047032 47.3301273148148 0.000955569403727544 3.67749452660263e-06 28.51163864
13047033 47.3445138888889 0.000940791347682245 1.14962231348766e-05 27.88343811
13047034 47.3470023148148 0.000943950750771214 3.70987737632911e-06 27.78551865
13047035 47.3674537037037 0.000945434324821605 3.32310850230956e-06 26.63747787
13047036 47.3855671296296 0.000938928858397866 3.8953677150676e-06 25.89155960
13047037 47.3993055555556 0.0009374876946905 3.45405188614181e-06 25.39799881
13047039 47.4234027777778 0.000926655581767745 3.4245541366846e-06 24.01739883
13047040 47.4419097222222 0.000916020208648029 3.9654172126859e-06 23.13107872
13047041 47.455462962963 0.000918805669211687 1.60716503642818e-05 22.84272003
13047042 47.4574537037037 0.000925767815861628 1.16501554015323e-05 22.77972031
13047043 47.4596759259259 0.000923199777346276 1.55136133384367e-05 22.68755913
13047044 47.4615625 0.000976609484049377 2.60307623410974e-05 22.69763947
13047045 47.4627546296296 0.000932010578309077 1.36757199637869e-05 22.86431885
13047046 47.4652662037037 0.000852084115889337 2.03333412818241e-05 22.79987907
13047047 47.4669675925926 0.000916526964864024 1.00235714001747e-05 22.64111900
13047048 47.4703125 0.000908344707238517 1.36714264436105e-05 22.62383842
13047049 47.4724768518519 0.000913478949492843 1.22448396382107e-05 22.42547798
13047050 47.4749537037037 0.000861122821831715 1.56015587396175e-05 22.38839912
13047051 47.4774305555556 0.00091777406196387 9.47089547418797e-06 22.28832054
13047052 47.4805439814815 0.000918532379542038 9.14702011932767e-06 22.34195900
13047053 47.4851851851852 0.000911066294557864 1.31663048345905e-05 22.25627899
13047054 47.4875 0.000913771755016486 6.44486709508005e-06 22.21919823
13047055 47.4939351851852 0.000910239453173955 1.00914486208762e-05 22.09211922
13047122 47.9509259259259 0.000995489550880748 3.10507976938525e-06 43.95959854
13047123 47.9650578703704 0.000985472271236458 3.07062057824582e-06 41.29451752
13047124 47.9796759259259 0.000980040475933088 4.13039771797344e-06 39.00743866
13047126 47.9904513888889 0.000972345668619299 2.79220913920576e-06 37.42919922
13048007 48.0213310185185 0.00098641002665377 1.65455714538031e-05 34.48547745
13048009 48.0253009259259 0.000950910475454263 2.89732121477109e-06 34.26371765
13048010 48.045462962963 0.000951705573485999 7.13010036518683e-06 32.78339767
13048011 48.0577430555556 0.000943158968908575 3.04426791773677e-06 30.65904045
13048012 48.0761458333333 0.000931529081006631 3.05445444313537e-06 30.06431961
13048013 48.0948958333333 0.000926599103770595 3.1616854289697e-06 28.40687752
13048014 48.1134259259259 0.000927528151654226 3.17926034093333e-06 28.34712029
13048015 48.1330092592593 0.000918433850796628 3.22417048548506e-06 27.03419876
13048016 48.1515972222222 0.000915595188428466 3.28240131749032e-06 26.07047844
13048017 48.1707986111111 0.000908558584056066 6.27168292924977e-06 25.44839859
13048018 48.184212962963 0.000909100085079413 3.42801288157905e-06 23.77223778
13048019 48.2026851851852 0.000898745932297247 4.80023646598213e-06 23.47595978
13048022 48.2307638888889 0.000870888522057179 6.27068196846038e-06 13.12919903
13048030 48.3642824074074 0.00100486087468175 2.92374994918386e-06 47.47067642
13048031 48.3784027777778 0.00098817526441717 2.82898384023355e-06 43.24283981
13048032 48.3942361111111 0.000988892502026304 7.00236060878578e-06 39.93264008
13048040 48.4162847222222 0.000963242023156283 2.76865159289197e-06 37.30212021
13048041 48.4344907407407 0.000898195591317162 3.47375809652216e-06 35.28647614
13048042 48.445787037037 0.000946797187006375 2.86592867962489e-06 34.05492020
13048043 48.4633680555556 0.000945396045355973 3.81758001791861e-06 32.38559723
13048044 48.4745486111111 0.000934948213973247 7.76000205533858e-06 31.53131866
13048045 48.4782407407407 0.000942754219355723 6.22945670514746e-06 31.47731972
13048046 48.4931597222222 0.000905721544980878 1.60683130074489e-05 29.40192032
13048049 48.5048726851852 0.000928110923559548 3.11390047705953e-06 29.11103821
13048050 48.522962962963 0.000924209414892379 3.1680251731693e-06 28.29743767
13048051 48.5409027777778 0.000916659046469411 3.02412710510885e-06 27.31355858
13048052 48.5608680555556 0.000919379320563567 3.28443020537656e-06 25.90631866
13048053 48.5789583333333 0.000914234276889971 3.29669707985269e-06 25.74215889
13048087 48.7585532407407 0.000999108202361723 2.56184992441071e-06 51.84395599
13048088 48.7761458333333 0.000980875039519603 2.65673887180015e-06 45.88487625
13048089 48.7936226851852 0.000975894477497686 2.71387219677483e-06 42.41339874
13048090 48.8122916666667 0.000963764169456971 2.77566959853225e-06 39.67487717
13048091 48.8344675925926 0.000959374562314206 2.8545630642888e-06 37.51739883
13048092 48.8530324074074 0.000951246358768067 2.97307539832156e-06 35.65007782
13048093 48.8787731481481 0.000936173040132827 6.21760204811923e-06 33.11675644
13049004 49.1253356481481 0.000991405534860463 4.87334359173161e-06 46.98647690
13049005 49.1318634259259 0.000979308267909353 7.04013580961164e-06 43.64135742
13049006 49.1360532407407 0.000974986624038684 2.56954723857171e-06 42.36911774
13049007 49.158912037037 0.000960315986496406 1.41701789485042e-05 37.31472015
13049031 49.2659143518519 0.000922645425772038 3.33934489232246e-06 26.75339890
13049032 49.2835185185185 0.00090608120018682 4.96980270227033e-06 26.06939888
13049035 49.2982523148148 0.000903234740641534 3.33473927082873e-06 25.59419823
13049039 49.3423148148148 0.000896051358236869 3.42947826657557e-06 23.70059967
13049041 49.3613541666667 0.000883637077226291 7.37164878538587e-06 22.57523918
13049042 49.3710300925926 0.000891553159137206 3.91001277219119e-06 22.05935860
13049044 49.387037037037 0.000890322994407608 4.13889932723892e-06 21.18923950
13049045 49.4041203703704 0.000886278525500717 3.65624158276606e-06 20.49947929
13049046 49.4225462962963 0.000882112488428533 3.65074480393988e-06 20.50452042
13049047 49.4409953703704 0.000879922239571625 3.70532295988166e-06 19.77155876
13049048 49.4596064814815 0.000879238213896501 4.04720481716384e-06 19.67363930
13049049 49.4753009259259 0.000870789025171615 4.19088503670695e-06 18.66635895
13049050 49.4942361111111 0.000869452467141972 1.11290710956558e-05 18.04571915
13049052 49.4990625 0.000818158972699081 0.000199946456014758 17.67383957
13049072 49.7058333333333 0.00101711222957307 2.52554802841518e-06 53.12699890
13049073 49.7244097222222 0.00102981313999469 2.65345687378936e-06 45.58607864
13049075 49.7461574074074 0 0.000138131122927663 41.49467850
13049080 49.759537037037 0.000993874217215416 2.77252551595772e-06 39.09384155
13049081 49.778599537037 0.000995877845904758 2.85771567794998e-06 37.18404007
13049082 49.7975462962963 0.00100038326301072 2.74108078947053e-06 35.16695786
13049086 49.8266087962963 0.000985951226011463 3.13843643870085e-06 32.13899994
13049087 49.8456712962963 0.000971548551461631 3.16208747347349e-06 31.17923927
13049088 49.8636689814815 0.000960819638467218 3.22582545131894e-06 29.75399780
13049089 49.8818634259259 0.000965404987999203 1.73848181131462e-05 29.07503891
13049093 49.894375 0.000940038094953915 3.17797627645825e-06 28.38311958
13049094 49.9144560185185 0.000935618231934588 3.22748142358051e-06 27.46619797
13049096 49.9351273148148 0.000926737017530824 5.20139518784974e-06 26.56475830
13049098 49.9517824074074 0.00094174709247406 3.35537706468592e-06 25.51247787
13049099 49.9705787037037 0.000952844572315765 3.47825582367004e-06 24.62363815
13049101 49.9924884259259 0.000939737368992654 3.52194712863002e-06 23.64011955
13050001 50.010775462963 0.000910848490481604 3.8949949504755e-06 23.29092026
13050006 50.1337962962963 0.00100722955565347 2.25409479959649e-06 55.01447678
13050007 50.1603125 0.000990501969817773 5.2266455392482e-06 43.07543945
13050009 50.1779166666667 0.00098106174691917 3.05262421765637e-06 39.79692078
13050011 50.1969097222222 0.000977423254063443 2.78101812442226e-06 37.33020020
13050012 50.2193981481481 0.000964203616606551 2.82138888901783e-06 35.52119827
13050015 50.2592939814815 0.000982088607889646 9.41248406169182e-06 32.47055817
13050016 50.2625925925926 0.000977635979604854 7.57215669193758e-06 32.02883911
13050020 50.2785185185185 0.000961700906845315 3.07089038967285e-06 30.01103973
13050022 50.298287037037 0.000955291145451978 3.11518081725902e-06 29.18771935
13050023 50.3170138888889 0.000948012094567512 3.1529781527e-06 28.07711983
13050025 50.3370601851852 0.000934382299905698 5.7822799827605e-06 27.12131882
13050026 50.3436574074074 0.000919161893134152 4.54848815941748e-06 26.65079880
13050027 50.3533449074074 0.0629063391109513 0.000388212764974762 26.31383896
13050028 50.3604050925926 0.000944679775707975 4.09202903709434e-06 26.34803772
13050029 50.3724884259259 0.000926157964116516 3.44487510073113e-06 25.65503883
13050031 50.3928009259259 0.000928664133404393 6.3439232514565e-06 24.52607918
13050032 50.4052430555556 0.000902825221728743 3.34674889028128e-06 23.81616020
13050033 50.4238657407407 0.000893180092523053 5.27424212764e-06 22.96115875
13050036 50.4357060185185 0.000898830455050452 3.41727502953722e-06 22.67136002
13050037 50.4546643518518 0.000895967581402018 5.49651125782831e-06 22.14323807
13050038 50.4622685185185 0.000893343926324655 3.48079455011534e-06 21.72095871
13050039 50.48125 0.000834319602146822 4.24061880155449e-06 19.69307899
13050041 50.4948958333333 0.000894030066347504 4.18988663614379e-06 18.61415863
13050042 50.5095717592593 0.000898402752268204 3.87283276291172e-06 17.46287918
13050043 50.5285763888889 0.000879737882819876 4.29621682225024e-06 16.25183868
13050044 50.5450578703704 0.0008724674121098 5.09502084828957e-06 15.52715969
13050046 50.5750462962963 0.000881675215641342 4.26567976331665e-06 13.84127998
13050047 50.5940740740741 0.000873675154089948 4.36408377422095e-06 12.98951912
13050049 50.6138541666667 0.000857314396918178 4.2174845740135e-06 11.95739937
13050050 50.6361689814815 0.00087744414953939 1.18020914991125e-05 11.04767990
13051006 51.1352662037037 0.00102804942583727 2.41558073023873e-06 49.87727737
13051007 51.1566898148148 0.00100604695712211 2.46955377109005e-06 42.09263992
13051008 51.1793287037037 0.000993212511218006 2.822634477063e-06 37.48535538
13051009 51.1983101851852 0.000984412372184375 2.86225416685206e-06 35.35127640
13051010 51.2171643518518 0.000986597437975111 2.91641083044668e-06 33.89759827
13051011 51.2360763888889 0.000978540649856623 2.96785843311278e-06 32.22900009
13051012 51.2556365740741 0.000957440164154871 5.86420002824145e-06 30.12875748
13051015 51.2746643518518 0.000958826975798686 3.14829903802049e-06 28.69955826
13051016 51.2930671296296 0.000941371209008156 3.16281047153928e-06 27.96551895
13051017 51.3119328703704 0.000938382920340554 3.2241337218588e-06 26.95427895
13051019 51.33125 0.000938344399484935 3.46917138325291e-06 26.24651909
13051020 51.3477083333333 0.000926156083404051 3.28354904360691e-06 25.67483902
13051021 51.3664814814815 0.000930296286148805 3.56008614441086e-06 24.47999954
13051022 51.3918171296296 0.00092721919947626 3.45651636218314e-06 23.35103798
13051023 51.4100578703704 0.000928105534312826 3.42710146453325e-06 23.73731995
13051024 51.4288194444444 0.000929956068443212 4.67737472209733e-06 22.76423836
13051026 51.4408680555556 0.000928820501214326 3.52495677479667e-06 22.50143814
13051028 51.4611689814815 0.000934817169473764 4.73916023723984e-06 21.68207932
13051068 51.5898148148148 0.00100036415857668 3.1002416205952e-06 35.23751831
13051069 51.606712962963 0.000979398959296968 3.11421377126305e-06 31.33044052
13051070 51.625 0.000967664632408051 3.66704560367108e-06 28.77227783
13051071 51.6384490740741 0.000973492650692203 3.22774150292524e-06 27.93779945
13051072 51.6563773148148 0.000969917835837608 3.29899979631162e-06 26.58887863
13051073 51.6743518518518 0.000975283573079585 3.3609116575473e-06 25.68095970
13051074 51.692650462963 0.000982760223001587 3.22382441306958e-06 24.82487869
13051080 51.7350810185185 0.000909933281683269 2.47149440482229e-05 22.21739960
13051081 51.7364467592593 0.000950241225201864 6.26627522646245e-06 21.81995964
13051083 51.7513425925926 0.000955821066236684 3.67823867236162e-06 21.26951981
13051084 51.7693171296296 0.000904247483350752 4.42366333778216e-06 21.14855957
13051085 51.7821296296296 0.000952179909756944 3.67173175403582e-06 20.99736023
13051086 51.8005324074074 0.00093495202490483 3.69410932585814e-06 20.24063873
13051087 51.8192592592593 0.00094078337362726 4.1045269104824e-06 19.81512070
13051088 51.834849537037 0.000923854197801853 4.63706198032126e-06 19.37483788
13051091 51.8538541666667 0.000938342732790115 3.85232162952405e-06 18.41543961
13051092 51.8724768518519 0.00094068430229282 3.89371988663495e-06 18.07667923
13051093 51.8913425925926 0.000942922810673222 3.90903513401396e-06 17.84915924
13051095 51.910775462963 0.000935241916700434 1.14929797084148e-05 17.01035881
13051099 51.9731712962963 0.00107473867054174 2.83159311424267e-06 40.89707565
13051100 51.9933101851852 0.00105886411162465 1.122885194676e-05 36.86507797
13051102 51.9994444444444 0.00102821510998483 1.90302161850643e-05 36.01907730
13052001 52.0016087962963 0.00104981482020521 2.95080858351783e-06 36.02592087
13052002 52.0205324074074 0.00102766992636139 3.00030525195199e-06 33.78779984
13052003 52.0390856481482 0.00103439768463259 3.0942713466653e-06 32.02703857
13052004 52.0579398148148 0.0010427609317112 3.18151255495588e-06 30.88367844
13052005 52.0764930555556 0.00101297864069494 3.58422068666314e-06 30.12479782
13052009 52.116400462963 0.000984697903344035 7.23684070035231e-06 27.16343880
13052010 52.12125 0.00100329157463593 3.34876020571677e-06 26.88983917
13052011 52.1401273148148 0.00104856434491763 3.49236931675052e-06 26.20295906
13052012 52.158275462963 0.00105032914036665 3.53766221172435e-06 25.65215874
13052013 52.1767013888889 0.00108285166428801 3.66445693031349e-06 24.90263939
13052014 52.1963773148148 0.00105753997735709 3.73392427241491e-06 23.58395958
13052015 52.2150115740741 0.00106103929460447 8.49634175313731e-06 23.18615913
13052016 52.225162037037 0.0010465658764805 4.34711162849563e-06 21.54995918
13052017 52.2399537037037 0.00103385335842195 3.94374752320558e-06 20.53151894
13052018 52.2586574074074 0.00102577086933218 4.13980650376915e-06 18.20663834
13052019 52.2772569444444 0.00100997541019403 4.12476379770923e-06 17.91791916
13052020 52.2937268518519 0.00101164393105719 3.84552518448825e-06 21.20903969
13052021 52.3137384259259 0.000995808672029924 3.8277676679018e-06 21.12372017
13052022 52.3382638888889 0.000900933366887956 1.06199783184307e-05 20.43071938
13052036 52.5740625 0.000978336218205797 4.19583553612729e-06 42.90587616
13052037 52.5827083333333 0.000974338380692918 2.6846881556039e-06 41.21352005
13052039 52.6033912037037 0.000956917067507828 2.73518946490466e-06 38.08440018
13052042 52.6241087962963 0.000955930283480122 2.90274237209677e-06 35.51472092
13052043 52.6420023148148 0.000938199510302948 2.92122919496168e-06 34.12511826
13052045 52.6601157407407 0.000941158331207998 2.99378279763898e-06 32.64227676
13052046 52.6779050925926 0.000952705148791859 3.12359472272112e-06 31.73255730
13052047 52.6963310185185 0.000941860032576798 1.22407162091519e-05 30.18491936
13052048 52.6993171296296 0.000928351513000227 3.13491832297045e-06 29.77199936
13052050 52.7229861111111 0.000913245027060964 3.16592314430433e-06 28.54079819
13052051 52.7421759259259 0.00092204402766266 3.19479739814039e-06 28.28807831
13052052 52.7605787037037 0.000923998551848651 3.25909463593601e-06 27.31679916
13052053 52.7793055555556 0.000909019937559223 3.44447692156612e-06 26.70191956
13052054 52.8065046296296 0.00090379205381176 1.19166663024499e-05 25.54595947
13052056 52.8143402777778 0.000841778606413042 5.65431083251298e-06 25.36739922
13052061 52.8405787037037 0.000897733848222239 5.04692057117698e-06 24.33779907
13052063 52.8559722222222 0.00197742852811753 0.000411012064701514 24.04979897
13052088 52.9961111111111 0.000974645922987492 2.56056761385542e-06 46.58939743
13053004 53.0207523148148 0.000962881720164334 2.65157511647411e-06 42.58224106
13053005 53.0389583333333 0.000953557135310318 2.75249021375084e-06 39.52223969
13053006 53.0571527777778 0.000950997632894319 2.77883083083718e-06 38.05451965
13053007 53.0818634259259 0.00093619948231811 2.87918659866678e-06 35.09567642
13053010 53.1074768518518 0.000465668630639953 3.55386201345632e-06 33.85152054
13053012 53.1203125 0.00090845210409488 2.90835761205019e-06 33.19235611
13053013 53.1386805555556 0.000904481474311715 3.43992264106e-06 32.12927628
13053015 53.1575810185185 0.000895332952156722 3.0028884368589e-06 31.01399803
13053021 53.1960648148148 0.000411227002324254 4.71991484266692e-06 29.30111885
13053023 53.2081944444444 0.000818163969294634 3.53072277383272e-06 28.95695877
13053027 53.2665972222222 0.000901255870386171 3.33344827589142e-06 25.73567772
13053028 53.2843865740741 0.000887009897884389 3.31800101031211e-06 25.32203865
13053029 53.3025115740741 0.000893722469499362 5.07764222325345e-06 24.72443771
13054004 54.042349537037 0.00100160180953429 3.13814945458785e-06 58.25699615
13054005 54.0564583333333 0.000930264176603433 4.76192585937904e-06 53.32715607
13054006 54.0621759259259 0.00098311478600071 2.37195727714735e-06 52.26299667
13054007 54.0822453703704 0.000968782843486548 2.42031024546829e-06 49.25339890
13054008 54.1009259259259 0.000960625791243925 2.47003029868083e-06 46.81475830
13054009 54.119849537037 0.00094719788260925 2.53670598152549e-06 44.02727890
13054010 54.1383796296296 0.00094126898984495 2.59152617483524e-06 42.32699966
13054011 54.1665972222222 0.000930823990736599 2.69348647869281e-06 39.11003876
13054012 54.1853356481481 0.000928484360260089 2.73399372748339e-06 37.90583801
13054013 54.2038773148148 0.000922736301312912 2.76489202500171e-06 36.59399796
13054014 54.2224074074074 0.000914923236956938 2.81549067199465e-06 35.37035751
13054015 54.2413541666667 0.000907836164800565 2.83816969426418e-06 34.50167847
13054016 54.2599652777778 0.000906086579076027 2.88779069955116e-06 33.34427643
13054017 54.2784375 0.000915178027763924 8.2718383875911e-06 32.35752106
13054018 54.2899305555556 0.000899838309360011 2.97015079959477e-06 31.20407867
13054019 54.3083564814815 0.000622458583615999 2.3459219616251e-06 30.86063957
13054020 54.3305902777778 0.000395233028476473 2.67069098034518e-06 29.58587837
13054022 54.3505208333333 0.000823621307531376 1.19737258928768e-05 28.83275986
13054023 54.3538078703704 0.00089276395058217 6.42479290036598e-06 28.71072006
13054042 54.5213194444444 0.000964374956646107 2.58441267571138e-06 42.83135605
13054043 54.5405902777778 0.000948092003974622 2.67778899527142e-06 38.88431931
13054044 54.5585185185185 0.000938119802358998 2.73744243327226e-06 36.91115570
13054045 54.5784837962963 0.000918811343722328 9.82161596556752e-06 34.70255661
13054046 54.5823611111111 0 0.00337289143852932 34.26695633
13054047 54.5844097222222 0.000927665831195412 7.55860845545803e-06 34.28387833
13054050 54.6018287037037 0.000863608029243009 4.6740448573478e-06 32.54795837
13054056 54.6159722222222 0.000929705410531962 4.40652487267514e-05 31.83803940
13054057 54.6209490740741 0.000447055434845541 8.13406428880517e-05 31.15979958
13054058 54.6226736111111 0.000912660120818336 3.24722186132888e-06 31.50791931
13054060 54.6442824074074 0.000901915680027985 3.1569618500272e-06 29.70899963
13054061 54.6619444444444 0.000901141129393659 3.22224475947396e-06 28.65635872
13054062 54.6785532407407 0.000895626646793804 3.24740375586216e-06 28.05515862
13054063 54.6957407407407 0.00089695628759359 3.05345888473548e-06 26.76743889
13054064 54.7180787037037 0.000891106408346046 3.08970223766717e-06 26.10323906
13054065 54.7382291666667 0.000886991171456437 3.14263306537438e-06 25.23671913
13054066 54.7578356481482 0.000883730226870687 4.7486472420625e-06 24.68339920
13054068 54.7763888888889 0.00086397969655874 3.18063187992875e-06 23.92992020
13054069 54.7978472222222 0.000861356866900559 3.22579129920568e-06 23.28227806
13054070 54.8178587962963 0.000864967230939184 3.29633441841794e-06 22.43231964
13054071 54.8383101851852 0.000855624241464682 3.59454091174899e-06 21.67523956
13054083 54.943599537037 0.000962096355220876 2.45397298110833e-06 50.15375519
13054084 54.9631712962963 0.000951110760450335 2.50978428390011e-06 46.04759979
13054085 54.9823611111111 0.000937585171331337 2.5645290807632e-06 43.24644089
13055001 55.0017939814815 0.00073350919732402 2.25202686011624e-06 40.71239853
13055004 55.0384722222222 0.000968554067032587 3.84668934497525e-06 37.08504105
13055006 55.0554166666667 0.000955159389839763 3.15939701962543e-06 34.81451797
13055007 55.0713888888889 0.000947736858815646 3.2133206860934e-06 33.62220001
13055008 55.0871875 0.000945603558806467 3.2341198863585e-06 32.66279984
13055009 55.1033796296296 0.00092960696789419 3.22428783432783e-06 31.85783958
13055010 55.1195023148148 0.000916364983306179 3.25084028202675e-06 30.74831963
13055011 55.1361574074074 0.000911167335370714 3.29602720639843e-06 29.64167786
13055014 55.1678125 0.000903105401592225 8.63413673755876e-06 28.03139877
13055015 55.1768865740741 0.00844819266757855 3.5295693138988e-05 27.29771996
13055016 55.1920601851852 0.000892416646827877 3.46226766766576e-06 26.72423935
13055017 55.2088194444444 0.000885345117494455 3.50235250315149e-06 25.70399857
13055018 55.2256018518518 0.000887314991253789 3.55756171584256e-06 24.94295883
13055019 55.2418981481481 0.000889742584877885 3.58734574829635e-06 24.47819901
13055020 55.2584259259259 0.000886441828100178 3.62028836080187e-06 23.85683823
13055021 55.2746875 0.000882526818941148 3.64025021029805e-06 23.36939812
13055022 55.2911342592593 0.00087439545664801 3.67587742110963e-06 22.82543945
13055023 55.3075462962963 0.00088210277884243 8.80688729140191e-06 22.62923813
13055024 55.3117708333333 0.000873008999828502 9.03189540826309e-06 22.22891998
13055034 55.409837962963 0.000934372819140714 2.85258641533817e-06 39.54167938
13055035 55.4258101851852 0.000921544092818512 2.75127047491037e-06 34.23851776
13055036 55.4448842592593 0.000913082269961101 2.91187419889376e-06 30.45384026
13055037 55.4638888888889 0.000902156351191178 3.03534883159129e-06 27.43667793
13055038 55.4823263888889 0.000891504081442405 3.12941667960691e-06 25.00415993
13055039 55.5007407407407 0.000895449138110351 5.43752806141941e-06 23.52203941
13055068 55.639375 0.000951640721883064 2.55323362743642e-06 44.21699905
13055069 55.6577777777778 0.000941672969553777 2.59758126861093e-06 42.24744034
13055070 55.676099537037 0.000944429876379361 6.02266240655683e-06 40.21199799
13055071 55.6845717592593 0.000928776007442847 2.65635772597851e-06 39.38867950
13055072 55.7048032407407 0.000933085229563219 1.14718088519071e-05 36.93312073
13055073 55.7104282407407 0.00092168766524622 2.75798557450225e-06 36.45431900
13055075 55.7422453703704 0.00091709040386508 2.81545123166711e-06 34.63343811
13055076 55.7613310185185 0.000916385452579268 3.40023113853078e-06 34.57475662
13055080 55.8021527777778 0.000906459262510509 2.96665491088198e-06 31.71779823
13055081 55.8220486111111 0.000898874494198482 3.02014889805471e-06 30.55139923
13055082 55.8419907407407 0.000894830258313152 4.62651669459825e-06 29.61827850
13055086 55.8700925925926 0.000885084839632815 8.61901635616277e-06 27.01907730
13055087 55.8815509259259 0.000884126615746505 3.14767125935102e-06 26.81315994
13055088 55.9010185185185 0.00087942389734239 3.17197662752294e-06 26.31167793
13055089 55.920625 0.000876013625023301 2.93807125106329e-06 26.42867851
13055090 55.9434837962963 0.000832316834743606 4.85080409271385e-06 25.89551926
13056004 56.033275462963 0.00094001523910545 6.64697690267378e-06 42.69887924
13056005 56.0721759259259 0.000905715321891209 3.18792902615081e-06 32.51987839
13056007 56.0906018518519 0.000904667408560847 4.33941107393485e-06 29.74427795
13056008 56.1018055555556 0.000894626408634558 3.69287004671868e-06 28.50767899
13056011 56.1215509259259 0.000888203604562294 3.2017194701266e-06 26.21735954
13056012 56.1398611111111 0.000882226474471783 5.41572505573111e-06 24.62003899
13056017 56.2135069444444 0.000947345921958489 2.51629807803943e-06 47.81052017
13056020 56.2377199074074 0.000923540938631282 2.68503657702069e-06 37.88639832
13056021 56.2564583333333 0.000907405851483334 2.85318343741633e-06 32.98284149
13056022 56.2753935185185 0.00089636413667758 2.97137108089135e-06 29.75363922
13056023 56.2933680555556 0.000886414897557667 3.04451091368895e-06 27.74303818
13056024 56.3116319444444 0.000872226833664231 3.13014345914159e-06 25.75007820
13056025 56.3297916666667 0.000872782150773166 7.2010394084322e-06 23.90687752
13056026 56.3379282407407 0.000857374974007057 6.13046932731501e-06 23.21207809
13056027 56.3461805555556 0.000867474122219043 3.29165224845385e-06 22.94855881
13056028 56.3652430555556 0.000860950868449125 3.42289289107356e-06 20.82887840
13056029 56.3840856481482 0.000855271585064904 3.48713802671169e-06 19.63007927
13056030 56.4025115740741 0.000850116889541901 3.54875078687351e-06 18.63539886
13056031 56.4210532407407 0.000845213812070223 3.61368327054415e-06 17.68463898
13056032 56.4400925925926 0.000839944386441031 8.36247347665067e-06 16.63632011
13056033 56.4452083333333 0.000840334873829207 3.68789939225995e-06 16.55963898
13056034 56.464525462963 0.000831237461933493 1.39462869132825e-05 15.71111965
13056035 56.4745486111111 0.000830784981011695 3.82259255052084e-06 14.63976002
13056037 56.4950231481481 0.000837845539730352 3.93278685790738e-06 13.85207939
13056038 56.5140162037037 0.000830956906931812 3.95223597854503e-06 13.36499977
13056039 56.533912037037 0.000836761114762846 4.49296261406299e-06 12.68603897
13057005 57.0772106481481 0.000965166799009563 2.51677720091033e-06 48.97835541
13057006 57.0954050925926 0.000954876492259544 2.92794863842297e-06 44.27639771
13057007 57.1107175925926 0.000944993298190436 2.54227473216502e-06 42.58115768
13057008 57.1301967592593 0.000938720086688716 2.59031112134878e-06 40.05395508
13057009 57.149537037037 0.00092546011336726 2.61789300831882e-06 38.33712006
13057010 57.168912037037 0.000921192344848477 2.6751085645874e-06 37.29311752
13057011 57.1880208333333 0.000915948231659708 6.00125923620114e-06 35.86391830
13057014 57.2029282407407 0.000910444435071684 2.782260505015e-06 33.56027603
13057015 57.2221180555556 0.000899266831942791 2.79510062097871e-06 32.46191788
13057016 57.2485185185185 0.000898104451022291 2.8408584604078e-06 31.74191856
13057017 57.2680787037037 0.000891130527227747 2.83598548246494e-06 31.74191856
13057018 57.288912037037 0.000891964399443326 2.82638915684271e-06 31.74191856
13057019 57.3103472222222 0.000886907442167069 3.94007391717863e-06 31.74191856
13057021 57.3260532407407 0.000878772550881131 2.79936972259841e-06 31.74191856
13057022 57.3479513888889 0.000874569778993912 2.79003679586611e-06 31.74191856
13057023 57.3709027777778 0.000871589241386609 2.78729922087619e-06 31.74191856
13057024 57.3959953703704 0.000865417568920958 2.78343841403611e-06 31.74191856
13057025 57.4198611111111 0.00086522948854411 2.77012031086506e-06 31.74191856
13057026 57.444375 0.000863569828058448 2.76480389551106e-06 31.74191856
13057027 57.4718865740741 0.000852988921621745 5.35073275894993e-06 31.74191856
13057038 57.671087962963 0.000888896449747395 9.15244529697749e-05 31.74191856
13057039 57.6739930555556 0.000826812474210396 7.36335767597375e-05 31.74191856
13057042 57.6781481481482 0.000922306254980021 2.69163041929918e-06 38.62799835
13057044 57.714837962963 0.000906844391380679 2.69639094357511e-06 35.63999939
13057045 57.7340162037037 0.000900211185062662 2.73318076640452e-06 34.55207825
13057046 57.7531597222222 0.000893533483005131 2.78785767284784e-06 33.37919998
13057047 57.7724537037037 0.000894553065519978 3.27982493594751e-06 32.48603821
13057048 57.7901157407407 0.000887956731805861 3.26945789985823e-06 30.95387840
13057049 57.8069444444444 0.000879083896464897 2.8828719315527e-06 30.29291916
13057050 57.8271875 0.000878585010324226 2.9259666105059e-06 29.37383842
13057051 57.8466319444444 0.00087446623784276 2.96798054308535e-06 28.61711884
13057052 57.8663773148148 0.000869206958763155 2.98417389350417e-06 27.79379845
13057053 57.8856944444444 0.000868204413086374 2.88146137469587e-06 27.15947723
13057055 57.9127893518518 0.000860558315571749 3.10621627807926e-06 25.71839905
13057056 57.9328703703704 0.000861700036018977 3.14621487638745e-06 25.16039848
13057057 57.9527199074074 0.000857778636909987 3.16447066983951e-06 24.55451965
13057058 57.9720138888889 0.000860547395984279 4.56909738976288e-06 24.06275940
13058002 58.01125 0.000854276292559734 3.32341136973297e-06 22.33475876
13058003 58.0302777777778 0.00085339505804083 3.37313951727903e-06 21.91823959
13058008 58.228125 0.000865941423476254 2.17250703420552e-06 52.84511948
13058013 58.281712962963 0.000846359193915468 2.24753544756173e-06 46.03464127
13058014 58.3034837962963 0.000839277671965585 2.29782282031492e-06 43.64855576
13058015 58.3233564814815 0.000831599474323116 3.45480121723751e-06 42.10631943
13058016 58.3376041666667 0.000825498612143572 2.35419013759382e-06 40.38839722
13058017 58.3576388888889 0.000818068250425169 2.3786275090878e-06 38.90519714
13058018 58.377974537037 0.000810157922352218 2.40403529046796e-06 37.89072037
13058019 58.3988310185185 0.000808029816909464 2.43068655751746e-06 36.79631805
13058020 58.4198611111111 0.000803787456490573 2.45595998873743e-06 35.62992096
13058022 58.4424652777778 0.000807731706475816 4.35243294577853e-05 23.01047897
13058023 58.4453009259259 0.000791287976099501 2.85362333781109e-06 34.40879822
13058025 58.4660300925926 0.000784973529762176 2.56263081535025e-06 33.09587860
13058026 58.486724537037 0.000782639959708257 2.61537713276683e-06 31.91255760
13058028 58.5086921296296 0.000777919299913517 2.63017666487385e-06 31.08635712
13058029 58.5288888888889 0.000772858157410323 2.6484223902272e-06 30.46787834
13058030 58.5492939814815 0.000767262163502985 1.48499256926591e-05 29.65104103
13058031 58.5507175925926 0.000778642709281531 2.68377299218545e-06 29.57615662
13058032 58.5715393518518 0.000779642227319874 3.91969920774957e-06 28.75247765
13058047 58.9937962962963 0.00113023584851852 0.000118301459650741 46.07783890
13058048 58.9955555555556 0.00100649044395637 8.69411362457216e-05 44.95715714
13059003 59.0320601851852 0.000909011009506383 1.24696103274577e-05 37.66355515
13059004 59.0350810185185 0.000845904319299554 5.39808264766487e-06 37.40327835
13059005 59.0435648148148 0.000896938536224906 2.85729377867986e-06 36.33155823
13059006 59.0605092592593 0.000899034212739885 2.8769555653762e-06 34.85951996
13059007 59.078599537037 0.000886640555523173 2.90463530299301e-06 33.44147873
13059008 59.0961342592593 0.000878858454680584 3.3002262420661e-06 32.41511917
13059009 59.1135416666667 0.00087536903683327 2.96669004791619e-06 30.65291977
13059010 59.1316666666667 0.000873076039086579 2.97634167197621e-06 29.63735771
13059011 59.1509259259259 0.000866945600954699 2.96131066259058e-06 29.11859894
13059012 59.1702430555556 0.00086215220939021 2.99906692587907e-06 28.10591888
13059013 59.1889814814815 0.000854460422822855 2.98961977719328e-06 27.74375916
13059014 59.2081597222222 0.000857131715411351 3.04172164720198e-06 26.96003914
13059015 59.2272916666667 0.000858804214103834 4.38597691927656e-06 26.06147766
13059016 59.2407986111111 0.000856078883764921 3.11914188376542e-06 25.62767792
13059017 59.2599189814815 0.000846860603240821 3.13597098212334e-06 25.00631905
13059018 59.2796990740741 0.000843890095089037 3.18103277428381e-06 24.19919968
13059019 59.2992824074074 0.000833799764615777 1.29210812911411e-05 23.78232002
13059020 59.3017361111111 0.000838602345137308 3.1872201504672e-06 23.51303864
13059021 59.3209837962963 0.000839719269582541 3.20092856839069e-06 23.11487770
13059022 59.3400694444444 0.000833776028921521 3.23372345764284e-06 22.47263908
13059023 59.3597569444444 0.000836504993461022 8.64502326560019e-06 22.06691933
13059025 59.3686226851852 0.00083069788376954 3.3080025973129e-06 21.48371887
13059026 59.3878703703704 0.000826976098159995 3.31632108445729e-06 21.27203941
13059027 59.4073611111111 0.000828486944316711 5.51303358116733e-06 20.95343781
13059035 59.4855902777778 0.000923176354423367 5.36269072400862e-06 48.14675522
13059036 59.4904513888889 0.000929128219278062 1.80062782652099e-05 46.68911743
13059037 59.4918402777778 0.000917974052129269 2.34979762322564e-06 46.60307693
13059038 59.5114699074074 0.000917724901042658 2.38111419166865e-06 44.53055573
13059039 59.532037037037 0.000906696355975398 6.4646052310445e-06 41.82119751
13059076 59.7579050925926 0.000927291751869275 2.44015426462097e-06 5.78583002
13059077 59.7780787037037 0.000916627184888761 2.13259960896417e-06 5.34082460
13059078 59.8059259259259 0.000904573611278674 2.15199027185245e-06 5.05304956
13059079 59.8325578703704 0.000895105843358902 2.54113693644696e-06 4.80113983
13059080 59.8527314814815 0.000892771931192539 3.01387841055227e-06 4.58099985
13059082 59.8722453703704 0.000884242608706964 2.31055705360971e-06 4.32562494
13059083 59.8982523148148 0.000875577024754981 2.34547078956605e-06 4.15948486
13059084 59.924525462963 0.00088000047101663 7.11868854114655e-06 3.99618006
13059085 59.92875 0.000871226557559889 2.39371750088186e-06 3.97615504
13059086 59.9544444444444 0.000867240010803851 2.54683464458532e-06 3.82787991
13059087 59.9783101851852 0.000872679306457555 3.52766931577556e-06 3.74120975
13060001 60.009212962963 0.000849792330833589 2.54419638012837e-06 3.45329976
13060002 60.034375 0.00084967837362974 2.58628463082292e-06 3.34309483
13060003 60.0592939814815 0.000838705223171644 3.90105512009205e-06 3.26677489
13060007 60.2014814814815 0.000903603144044034 3.88638265772545e-06 4.80703449
13060008 60.2115856481481 0.00089758820365347 2.63244344098659e-06 4.65295506
13060009 60.2294212962963 0.000900493595554345 2.65596055197528e-06 4.52798986
13060010 60.2478703703704 0.000893214334220829 1.09336736594238e-05 4.28876972
13060011 60.2507407407407 0.000891341149017922 2.63479602689241e-06 4.23863983
13060012 60.2712384259259 0.000886354925181266 2.99029976427843e-06 4.12285519
13061024 61.478275462963 0.000915194972645702 2.48116913793451e-06 4.89748478
13061025 61.4978819444444 0.00091153561451487 2.83826294153158e-06 4.63243484
13061026 61.5141203703704 0.000868400943818193 1.22712415237752e-05 4.47641945
13061029 61.5194675925926 0.000899171309817516 2.60819903877735e-06 4.43668461
13061030 61.5389930555556 0.000882863359205877 2.66969664837919e-06 4.19359446
13061031 61.5601388888889 0.000881152829224835 2.72357736570604e-06 4.07438993
13061035 61.5880555555556 0.000873933651091854 3.66387012299171e-06 3.89929461
13061053 61.8153703703704 0.000922431759959077 2.24763527897566e-06 5.28547478
13061054 61.8375925925926 0.000915482680998852 2.15295138014345e-06 4.97641468
13061055 61.8641203703704 0.000905734796791245 2.21476213671134e-06 4.66204453
13061056 61.892650462963 0.000896387359932189 2.5997080457664e-06 4.41125965
13061059 61.917650462963 0.000885578108687614 2.55634156185454e-06 4.24133968
13061060 61.9392708333333 0.000864351421805375 2.33417410834296e-06 4.10548496
13061061 61.9837731481481 0.000852185263883278 2.55566100694348e-06 3.37959003
13062001 62.0091435185185 0.000853678869864861 2.92211025339309e-06 3.45046496
13062002 62.0290277777778 0.000850431845771032 4.29451356383984e-06 3.34385967
13062004 62.0473032407407 0.000847645876759755 3.01470366029513e-06 3.24656987
13062005 62.0665740740741 0.000842006007489269 3.0342173262341e-06 3.19648480
13062006 62.0861111111111 0.000836788201036635 3.09298175213189e-06 3.03970480
13062007 62.1053356481481 0.000841917885593191 3.14023792375093e-06 2.96653485
13062013 62.3057407407407 0.000882256137626642 2.35665082418943e-06 5.44958973
13062014 62.3252893518519 0.000882568951220182 1.12933925394452e-05 5.21180964
13062025 62.3902893518519 0.000910472523590834 2.13408949611686e-06 6.89264965
13062026 62.4101041666667 0.000894482577597683 2.09807824195521e-06 6.00461960
13062027 62.4324189814815 0.000884465979316759 2.41166838030221e-06 5.53121948
13062028 62.4516550925926 0.000881090620401073 2.36758515603259e-06 5.25923967
13062029 62.4721412037037 0.000869119273310832 2.37092645250167e-06 5.03199005
13062031 62.4934953703704 0.000848956609180874 3.12617476464011e-06 4.83183002
13062045 62.5428819444444 0.000859601559276043 4.48445573229259e-06 4.35091496
13062046 62.5513310185185 0.000855298122766889 3.6910653842284e-06 4.31554461
13062049 62.5809375 0.000851891056175579 2.73956136281929e-06 4.14215994
13062050 62.6003125 0.000843962681920337 2.76715911844792e-06 4.01210976
13062052 62.6238773148148 0.000823873954119707 5.91927748409588e-06 3.90586495
13062059 62.6526388888889 0.000829713695796395 2.5913782869591e-06 3.75011969
13062060 62.6751851851852 0.00083458208701843 6.07671306864486e-06 3.63932991
13062061 62.6795601851852 0.000834694558525427 3.48711151864851e-06 3.63100481
13062062 62.6929282407407 0.000832256493415615 2.57151372205567e-06 3.55616999
13062063 62.7174074074074 0.000832504571466085 2.7276476508213e-06 3.44924974
13063006 63.1131597222222 0.000878012940406354 6.3434039508751e-06 3.66160488
13063009 63.1271412037037 0.000917506709650726 2.49576597991033e-06 5.33794451
13063010 63.1456712962963 0.000915830835238031 2.56250844149179e-06 5.07856464
13063011 63.1639699074074 0.000914481609946345 2.59351689478048e-06 4.87916946
13063012 63.182337962963 0.022452089307496 0.000140630087205484 4.71361494
13063020 63.2075925925926 0.000887101554409933 7.33587188530167e-06 4.49585962
13063022 63.2152777777778 0.000898495486628406 2.71454243518247e-06 4.43146467
13063023 63.2338425925926 0.000890672208533293 2.74766457254471e-06 4.28868008
13063030 63.2764930555556 0.00087799253650004 2.80295340845028e-06 4.08190489
13063031 63.2958796296296 0.000874523318380163 2.85062981580171e-06 3.95608473
13063032 63.3136226851852 0.000859674358441217 2.88549727388906e-06 3.84781504
13063033 63.3317708333333 0.000851598764846112 1.82972257909733e-05 3.73990512
13063034 63.3362268518519 0.000842061076139924 2.47760143481502e-06 3.73607993
13063035 63.360625 0.00084067016730549 2.54044482818232e-06 3.61219478
13063036 63.384224537037 0.000859309674973958 2.39334593177663e-06 3.48295474
13063051 63.5432175925926 0.000912925428962397 2.39294712512178e-06 5.62014008
13063053 63.5670138888889 0.000915325162839175 2.25414465121481e-06 4.68602991
13063054 63.5904050925926 0.000896910118531781 2.40372322049956e-06 4.12406969
13063059 63.7352662037037 0.000970879442826122 2.34006002018382e-06 6.61652994
13063061 63.7641898148148 0.000902916083545425 2.20661943100584e-06 4.91930962
13063062 63.7898842592593 0.000895490106794515 2.2728877672779e-06 4.31770515
13063063 63.8158680555556 0.000889909839810735 5.04141337799509e-06 3.96953988
13063065 63.8286111111111 0.000890367607842877 3.29951918414156e-06 3.85532999
13063067 63.8533217592593 0.000889319107881083 3.4052012833674e-06 3.61237478
13063068 63.8687152777778 0.000900166094796789 2.56480986272351e-06 3.51760483
13063071 63.8998148148148 0.000895682694133503 4.82663065437399e-06 3.29534984
13063072 63.9099189814815 0.000898070661598855 3.29824609361301e-06 3.24526501
13063073 63.9272569444444 0.000895653027819597 2.69410392931506e-06 3.14230490
13063074 63.9530787037037 0.000897586895078314 3.05017982412915e-06 3.04343987
13063076 63.9765740740741 0.000881785299293426 2.62823130942161e-06 2.94479990
13064001 64.0045833333333 0.000876351271208925 3.14096010689307e-06 2.81870985
13064002 64.025162037037 0.000863910714978092 2.55779042064712e-06 2.76110983
13064003 64.0565509259259 0.000868667712807343 3.39193829977588e-06 2.64388490
13064004 64.0752662037037 0.000871561315432675 3.44062335485619e-06 2.55946493
13064005 64.0948611111111 0.000871668059738952 5.53351647966072e-06 2.52125978
13064006 64.1056944444444 0.000875141650483514 8.93303731442447e-06 2.48323488
13064012 64.2054050925926 0.000969736382386358 3.34117305357533e-06 6.39562464
13064014 64.2214583333333 0.000924520707235781 2.3626187394058e-06 5.54210949
13064020 64.2631944444444 0.000916757701601365 2.63013404796499e-06 4.54459476
13064021 64.2822800925926 0.000911260976896657 2.68887569158631e-06 4.34668493
13064022 64.3005671296296 0.000898340785926077 2.8664136155789e-06 4.10885954
13064023 64.3190972222222 0.000898827603124098 2.83400309352995e-06 3.91333485
13064024 64.3378009259259 0.000903478240045119 2.34804951082812e-06 3.76533008
13064025 64.3648611111111 0.00086785271424114 2.49568973018147e-06 3.57232475
13064026 64.3890046296296 0.00088499180585284 3.18762174017402e-06 3.43525481
13064028 64.4306134259259 0.000873970560708738 3.05258909246368e-06 3.20552993
13064029 64.4503009259259 0.000850143232559742 2.45227715077798e-06 3.10981488
13064030 64.4785532407407 0.000831823592360951 3.10805981513153e-05 2.99870968
13064031 64.4792824074074 0.000865770675370653 2.68347081469058e-06 2.99384975
13064032 64.5052662037037 0.000860432662890816 3.36737209036956e-06 2.90560484
13064052 64.6147916666667 0.000894160800982156 7.02838779572875e-06 5.10956955
13064055 64.624537037037 0.00087295841904223 1.9364069593299e-06 4.70429993
13064056 64.6543055555556 0.000872784972530785 2.42143894316465e-06 4.12114477
13064057 64.6756597222222 0.00086941266070898 2.51300952557877e-06 3.90590978
13064059 64.7300231481481 0.000849764020846569 5.72216508781639e-06 3.43669486
13064061 64.7390277777778 0.000861962094864673 3.62252478514974e-06 3.36392975
13064064 64.7561921296296 0.000825834987017685 2.34963113669233e-06 3.24692988
13064065 64.7844444444444 0.000807119907332437 2.21576129495449e-06 3.08735967
13064066 64.8165740740741 0.000807432240195598 2.82229828686052e-06 2.91658473
13064067 64.8398842592593 0.000785122871351265 1.15707918603888e-05 2.80070972
13064068 64.8436226851852 0.000797814464997576 3.35027200229398e-06 2.76898479
13064070 64.8635185185185 0.000802402671223289 2.58450816342125e-06 2.65175986
13064074 64.8950462962963 0.000793959471125607 2.74029208741068e-06 2.54249978
13064075 64.9209027777778 0.000792588766340834 2.47335212128754e-06 2.43967485
13065005 65.0997106481481 0.000877929729827483 2.15783335538454e-06 5.85769463
13065006 65.119537037037 0.000862257483972332 2.30101027365561e-06 5.11019993
13065007 65.1397453703704 0.000853670660009577 2.41275579452456e-06 4.66393471
13065008 65.1585300925926 0.000844031252634838 2.49561139373587e-06 4.36972475
13065009 65.1786111111111 0.000837010243178646 2.55373073060133e-06 4.13639975
13065013 65.2147916666667 0.000824619231263593 7.88725158123209e-06 3.81127477
13065014 65.2229513888889 0.00082329591753444 2.69454881953194e-06 3.71668482
13065015 65.2426041666667 0.000823247267700004 2.74445364440211e-06 3.60269976
13065016 65.2620717592593 0.000818047988706604 2.7751310739957e-06 3.48655486
13065017 65.2817708333333 0.000814819163840985 2.8394643893763e-06 3.35272479
13065018 65.3012152777778 0.000790297760372754 2.81686727486505e-06 3.26452494
13065019 65.3200231481481 0.000813239508213838 2.64019873542802e-06 3.17141986
13065020 65.3442361111111 0.000788275764769031 2.67413520338568e-06 3.07165480
13065021 65.366412037037 0.000785932006430513 2.71954259087084e-06 2.98089004
13065022 65.388275462963 0.000798537027742919 3.6882070896264e-06 2.90362477
13065046 65.6676851851852 0.00087504190394079 1.80450314169274e-06 5.69600964
13065047 65.6980555555556 0.000856076806444526 2.37013888418767e-06 4.74749994
13065048 65.7183564814815 0.000848782248028997 2.16480618536437e-06 4.42084455
13065049 65.7431944444444 0.000838254647631469 2.22905023691646e-06 4.07843971
13065050 65.7678472222222 0.000831204185477987 2.27954643002147e-06 3.78571486
13065051 65.8024884259259 0.0008228297952958 4.62979018705407e-06 3.44034004
13065052 65.8197337962963 0.00081784371423199 2.81214752144146e-06 3.31681490
13065053 65.8395601851852 0.000811187746759217 2.56582321595821e-06 3.14738989
13065055 65.8727199074074 0.000788110720038677 2.81526261312608e-06 2.93624997
13065056 65.8933217592593 0.000800677730554096 2.60335039031657e-06 2.83675480
13065058 65.9215740740741 0.000790228637611007 3.12210066339341e-06 2.67844486
13065059 65.9405324074074 0.000795997556585875 3.09049889113215e-06 2.58835483
13065060 65.9608217592592 0.000788477714156315 2.55812622949893e-06 2.50276494
13066021 66.1260416666667 0.000824719952398779 2.88293861469047e-06 3.39889479
13066022 66.1446643518519 0.00082825060653789 2.97108981072523e-06 3.20777988
13066023 66.1630324074074 0.000820481385244603 3.0523833180674e-06 3.03002977
13066024 66.1809490740741 0.000818427145836701 3.12935127467425e-06 2.89745975
13066025 66.2012384259259 0.00082110036434699 3.18784701414356e-06 2.77879500
13066026 66.2199768518519 0.000808431626727571 3.23270408248655e-06 2.64500976
13066027 66.2380671296296 0.00080451551814369 3.26202555608127e-06 2.56324482
13066028 66.2565856481481 0.000800811975959922 3.31038790614376e-06 2.47261500
13066029 66.2756018518518 0.000796338885287784 3.35628145616187e-06 2.37806988
13066030 66.2945949074074 0.000793935075710332 3.37788129041887e-06 2.30053473
13066031 66.3135185185185 0.000789699554317307 3.40638259381238e-06 2.23757982
13066033 66.3335532407407 0.000792297894638298 3.42700179066127e-06 2.20000482
13066034 66.3529050925926 0.000768506093198286 3.29179741149891e-06 2.13605976
13066035 66.3726736111111 0.000784512887038461 3.31267123572553e-06 2.07004499
13066036 66.3941550925926 0.000787566200625429 5.72332431684626e-06 2.03746510
13066100 66.7947569444444 0.00086213265246769 3.63494224864413e-05 3.31213474
13066101 66.796712962963 0.000834298056849353 3.94013534067022e-06 3.27644992
13066102 66.807662037037 0.000854923328209503 3.76066043223652e-06 3.16565967
13066104 66.8199074074074 0.000856700792791189 3.4090630489151e-06 3.07205987
13066105 66.8372106481481 0.000843273609869451 1.20571665890659e-05 3.00271487
13066109 66.857962962963 0.000852776857069124 2.26418631668961e-06 2.77303481
13066110 66.8921643518518 0.000854292459664469 2.16203776663632e-06 2.65112996
13067001 67.0007523148148 0.000973632082699191 2.17244963183779e-06 7.09406948
13067002 67.0213310185185 0.000945263560454304 2.08654890318055e-06 5.97680950
13067003 67.0436111111111 0.000935404674088413 2.21992104328177e-06 5.35891485
13067004 67.0656365740741 0.000922363873983197 2.30033112536204e-06 4.96579456
13067005 67.086712962963 0.000910329278930058 2.7291476230247e-06 4.69021511
13067006 67.1046759259259 0.000904825936259187 3.1648196531718e-06 4.48258495
13067007 67.1255324074074 0.000907773481456265 2.52111369610255e-06 4.24093485
13067008 67.1459143518519 0.000894207513567255 2.57870097134912e-06 4.06601954
13067009 67.1665509259259 0.000894509513995757 2.63518283180154e-06 3.95158482
13067010 67.186400462963 0.00088862301146354 2.67211204260401e-06 3.81761956
13067011 67.2063078703704 0.000889596209078367 2.71382961987016e-06 3.67874980
13067012 67.2266666666667 0.000880753049062347 3.27634187411456e-06 3.58456492
13067013 67.2444328703704 0.000880123374495289 2.8504726055304e-06 3.48736501
13067014 67.2643055555556 0.000877136099640157 3.01832706261987e-06 3.42737985
13067015 67.2823032407407 0.000875371652598232 3.04842846024462e-06 3.32612991
13067017 67.3016319444445 0.000876713193172495 4.37149813095356e-06 3.23649001
13068017 68.0834375 0.000932522488184676 2.38049259725153e-06 4.84892988
13068022 68.115162037037 0.000919582076273739 2.96103989590233e-06 4.40171957
13068023 68.1311226851852 0.000918987501477096 3.53941627132303e-06 4.25519991
13068027 68.2084375 0.000873475737733338 2.51813872054511e-06 3.48988485
13068028 68.2340393518518 0.000866418572159514 6.19285387435036e-06 3.31438470
13068029 68.2588657407407 0.000856326170517825 2.89089804271902e-06 3.19104004
13068034 68.3090162037037 0.000850520343486039 2.96948214343219e-06 3.00001502
13068036 68.3314699074074 0.000850981320176458 2.54631967147731e-06 2.91469502
13068037 68.3587152777778 0.000851733956627418 2.74119612496719e-06 2.82631493
13068057 68.5772453703704 0.000953406868021052 2.11549139532868e-06 7.07152462
13068058 68.5967361111111 0.000937142637125114 2.09348790482866e-06 6.34607983
13068059 68.6174189814815 0.00092975012468934 2.11708369438301e-06 5.86673975
13068060 68.6395138888889 0.000941756096889809 2.28093163018022e-06 5.50349998
13068084 68.8781712962963 0.00111115235621797 6.5527189527973e-06 6.39175510
13068085 68.8810532407407 0.00109431849764892 2.43031047194305e-06 6.24865484
13068086 68.8993287037037 0.00107674170040289 2.49510537675318e-06 5.70221949
13068087 68.9182986111111 0.00106059049565896 2.30191581748582e-06 5.33889008
13068088 68.9410416666667 0.00104577890639945 2.25791449081601e-06 4.99805975
13068090 68.9684606481481 0.00103078803584062 2.1289359061117e-06 4.67279959
13069001 69.0017592592593 0.00101646395840707 1.80696571122447e-06 4.35460520
13069002 69.0464351851852 0.00101015706714138 2.7797902869763e-06 4.07542467
13069003 69.0671527777778 0.000995954858558862 3.67237167396548e-06 3.94100976
13069004 69.0829166666667 0.000996695809537927 2.73994262188252e-06 3.80578470
13069005 69.1054976851852 0.000991438733684806 3.08424159710472e-06 3.67717481
13069006 69.1283101851852 0.000980964445183301 3.07459969092904e-06 3.55045485
13069007 69.1473958333333 0.00098157512591428 3.04043157786105e-06 3.45352483
13069008 69.1684143518519 0.000973048885064972 3.17987220728818e-06 3.35146499
13069013 69.2701851851852 0.00108574489271938 2.29309229335301e-06 6.48332977
13069014 69.2903935185185 0.0010662483087706 2.24941173905485e-06 5.84765959
13069016 69.3187384259259 0.00105424472469416 2.49139767106094e-06 5.35576487
13069017 69.3382291666667 0.00103945415548547 2.49117800552129e-06 5.07176971
13069018 69.3592013888889 0.00102786007088618 2.58580871795087e-06 4.84676981
13069020 69.3820486111111 0.00103300158925827 5.81090485755498e-06 4.59350967
13069021 69.3905439814815 0.00101954245114892 2.54491472159013e-06 4.49176502
13069022 69.4124537037037 0.00100996063931959 2.55423065062394e-06 4.34209442
13069023 69.4364467592593 0.00101077040466061 2.63955916063711e-06 4.19139004
13069024 69.4585185185185 0.00101564421635844 4.38355582249418e-06 4.03051472
13069026 69.4725462962963 0.00100222117389195 2.93978924906107e-06 3.95864987
13069027 69.4919675925926 0.000992442489630549 3.65546245518982e-06 3.86356497
13069029 69.5214583333333 0.000986356970212346 1.12951200805067e-05 3.67379975
13069030 69.5234837962963 0.00098185670184418 2.78695678263786e-06 3.66106486
13069031 69.5459606481482 0.000967533113764304 7.15566768445116e-06 3.48655486
13069035 69.5540393518519 0.000973258834534683 2.93362736974253e-06 3.43552494
13069036 69.5751388888889 0.000974292765365934 4.11547285749166e-06 3.32243991
13069066 69.7859259259259 0.00108447840801703 2.07068662555824e-06 6.47414970
13069067 69.8110300925926 0.00106898237324251 2.0253329823811e-06 6.00866938
13069068 69.8385416666667 0.00105584328011043 2.22870922367035e-06 5.59691954
13069069 69.8627199074074 0.00105673376941989 4.13270527080802e-06 5.31202459
13069073 69.8946412037037 0.00104157238957978 2.19790360849206e-06 4.94018984
13069074 69.9225 0.00103469231030221 2.05783515907357e-05 4.70506477
13070006 70.3053587962963 0.00108620058473471 3.67485231325576e-06 6.25895977
13070008 70.315775462963 0.00107003134138527 2.05272401978408e-06 6.07153463
13070010 70.3440393518519 0.00106311812768702 2.02423693059223e-06 5.69569445
13070011 70.3722685185185 0.00105526631692433 2.70376723027075e-06 5.37664461
13070012 70.3889814814815 0.00104595346910926 2.15249157972173e-06 5.21306944
13070014 70.4188657407407 0.00104323492555147 5.29890349779652e-06 5.05250978
13070015 70.4240162037037 0.0010355401390208 1.25811374258101e-05 4.96980000
13070016 70.4349189814815 0.00103279650023855 2.57769683735313e-06 4.84613991
13070017 70.4555555555556 0.00103062115500379 2.58752655638532e-06 4.69593000
13070018 70.4767824074074 0.00103565614802212 4.92487231049314e-06 4.55449486
13070019 70.4840972222222 0.00104944085341889 1.29701274299257e-05 4.52043009
13070020 70.4861689814815 0.00102904010353585 2.71365533106755e-06 4.51449013
13070021 70.5069097222222 0.00101370031878599 6.32197529879124e-06 4.30834484
13070022 70.511412037037 0.0010160364465334 2.68403199009331e-06 4.30668020
13070024 70.5438657407407 0.00100427260619421 6.67321160198251e-06 4.08429003
13070025 70.5484027777778 0.000996390880935879 2.80391862092437e-06 4.10827494
13070026 70.5688888888889 0.0010011655002015 2.93713468045673e-06 3.98339987
13070027 70.5889351851852 0.000993269220396707 3.11490408413802e-06 3.89555979
13070030 70.6127893518519 0.000982333935961865 1.67393686670005e-05 3.76128006
13070056 70.8806828703704 0.00122710520420802 2.42234902901346e-06 5.41277981
13070057 70.9048148148148 0.00122589443677846 2.58538601176356e-06 5.16667461
13070058 70.9274652777778 0.00121738071196291 2.56782927658249e-06 4.89140987
13070059 70.9514467592593 0.0012103006617713 4.86880276979089e-06 4.70272493
13070060 70.9628703703704 0.00120068551096514 4.58115664206792e-06 4.55849981
13070061 70.9783217592593 0.00121226752550986 9.88023995561355e-06 4.46624994
13071003 71.0089583333333 0.00116513382290976 2.96685670197523e-06 4.24593019
13071004 71.0290972222222 0.00116018551443782 3.17752297554313e-06 4.13563490
13071005 71.0469328703704 0.00115654675809505 3.19649708937994e-06 4.05818987
13071006 71.0648148148148 0.00114995055492815 6.1737635380116e-06 3.98447990
13071008 71.0767476851852 0.00111725193436053 4.97357020338376e-06 3.92867994
13071009 71.0923958333333 0.000863184385710433 4.70744255009926e-06 3.81725979
13071010 71.1020833333333 0.000851492676550682 2.75184945703937e-06 3.85483479
13071011 71.122025462963 0.000853345564277248 2.7628013559443e-06 3.75682473
13071012 71.1415625 0.000842089150748844 2.63092040474892e-06 3.67145967
13071028 71.5106018518518 0.000898651014381934 2.24565283558378e-06 5.27530479
13071029 71.5302430555556 0.00088961143268121 2.39037857799771e-06 5.13589478
13071031 71.5509490740741 0.000890616227886396 2.26542412147619e-06 4.98761940
13071032 71.5721875 0.000898742841554644 2.27063969347867e-06 4.78025961
13071033 71.5940856481482 0.000884173927494316 2.39749140286273e-06 4.63679981
13071034 71.6141666666667 0.000887569737313175 4.7130638126682e-05 4.49779463
13071037 71.6301041666667 0.000882644067626259 2.86853187918748e-05 4.36378479
13071038 71.6313888888889 0.000872156849657958 4.56809751467667e-06 4.35041952
13071040 71.6410069444444 0.000888228311266454 1.30659945466265e-05 4.27229977
13071041 71.6437268518518 0.000867379537397863 2.07368426539629e-06 4.27441502
13071042 71.6728587962963 0.000846894697860787 3.0073198412226e-06 4.12172985
13071043 71.6873611111111 0.000840712863700722 2.49938657849732e-06 4.05085516
13071045 71.7150578703704 0.000842043487520689 2.42370781152509e-06 3.92049003
13071046 71.7377083333333 0.000842454110423178 3.76545203578196e-06 3.83323479
13071048 71.7512731481481 0.000815446487752018 3.37946274492056e-06 3.83094001
13071050 71.7720949074074 0.000828803424972252 2.42342903770628e-06 3.70349979
13071051 71.7973263888889 0.000828108773167117 4.89415730599752e-06 3.62672973
13071055 71.8127083333333 0.000823701206981355 2.79418628531504e-06 3.55522490
13071064 71.9415856481481 0.000897530887299189 2.16669369573238e-06 6.05429983
13072001 71.9609837962963 0.000885135975275925 2.25925207242858e-06 5.61397457
13072002 71.9798032407407 0.000877142848285535 2.21966184301618e-06 5.36413479
13072003 71.9997453703704 0.0008755734720649 2.18585702720516e-06 5.17378473
13072004 72.0211689814815 0.000872849223403063 2.7787923767513e-06 5.00242472
13072005 72.0349421296296 0.000868773639652495 2.29533702419747e-06 4.89059973
13072006 72.0557060185185 0.000853420063231499 4.94888973684297e-06 4.74061489
13072007 72.0640740740741 0.000857839830305995 2.38689155601978e-06 4.69030476
13072008 72.0856134259259 0.000854785768684171 2.26663743623432e-06 4.48771477
13072009 72.1084027777778 0.000843694392236656 2.49942438604923e-06 4.37147999
13072010 72.1293287037037 0.000841706280583979 2.65187194609124e-06 4.26712465
13072011 72.1470138888889 0.000840712400350606 2.58381666980983e-06 4.16618967
13072014 72.1739236111111 0.000837788410788858 3.47313151796431e-06 4.07573986
13072015 72.1884837962963 0.000833274577680317 3.24584968407223e-06 3.97876501
13072016 72.2023726851852 0.000824815313877933 2.22440568341558e-06 3.89776492
13072017 72.2291203703704 0.000817971080101178 2.67577604952509e-06 3.79930496
13072018 72.2482175925926 0.000821043924470919 2.73285324901253e-06 3.70129466
13072019 72.2671759259259 0.000820326309045969 3.90934997544436e-06 3.64396501
13072020 72.2777199074074 0.000818724543202639 3.51032033604075e-06 3.58213472
