13058047 58.9937962962963 0.0002119664441663 1.70233308268237e-05 4.00000000
13058048 58.9955555555556 0.000202926118153453 1.42409625867019e-05 4.00000000
13059003 59.0320601851852 0.000163387337890251 1.79682438881413e-06 4.00000000
13059004 59.0350810185185 0.000181122204402863 9.13569528659556e-07 4.00000000
13059005 59.0435648148148 0.000163761341581309 4.15468364231432e-07 4.00000000
13059006 59.0605092592593 0.000163669407867316 4.14930610452273e-07 4.00000000
13059007 59.078599537037 0.000162899060324331 4.19361467614323e-07 4.00000000
13059008 59.0961342592593 0.000163361955925709 4.78362696005119e-07 4.00000000
13059009 59.1135416666667 0.000162708611523026 4.28167664313431e-07 4.00000000
13059010 59.1316666666667 0.000162707588813052 4.2773262281723e-07 4.00000000
13059011 59.1509259259259 0.000161586023920305 4.26123814134511e-07 4.00000000
13059012 59.1702430555556 0.000162120540533957 4.31513613809293e-07 4.00000000
13059013 59.1889814814815 0.000162428278534661 4.31161066707777e-07 4.00000000
13059014 59.2081597222222 0.000161820349458185 4.36315534495472e-07 4.00000000
13059015 59.2272916666667 0.000162579313765468 6.28272610078799e-07 4.00000000
13059016 59.2407986111111 0.000161491721629899 4.45304702828958e-07 4.00000000
13059017 59.2599189814815 0.000161672530905624 4.49399217124907e-07 4.00000000
13059018 59.2796990740741 0.000161441490847093 4.50177821290877e-07 4.00000000
13059019 59.2992824074074 0.00016165434296288 1.84457459032526e-06 4.00000000
13059020 59.3017361111111 0.000161435004612944 4.57110153889448e-07 4.00000000
13059021 59.3209837962963 0.000160764258978817 4.57966380855412e-07 4.00000000
13059022 59.3400694444444 0.000161579808103331 4.64201568888074e-07 4.00000000
13059023 59.3597569444444 0.000162876947512126 1.24503971639313e-06 4.00000000
13059025 59.3686226851852 0.000160384415479766 4.73476907898895e-07 4.00000000
13059026 59.3878703703704 0.000160542219829642 4.75178607620064e-07 4.00000000
13059027 59.4073611111111 0.00015966643345531 7.96276412939813e-07 1.00000000
13059035 59.4855902777778 0.000162800355471395 7.87731373471548e-07 1.73863304
13059036 59.4904513888889 0.000163291869085752 2.63440789220968e-06 1.68599606
13059037 59.4918402777778 0.000162288894788901 3.43873400460114e-07 1.68288898
13059038 59.5114699074074 0.000162699473133835 3.46864728838954e-07 1.60804796
13059039 59.532037037037 0.00016199473653559 9.36338342958272e-07 1.51021004
13059076 59.7579050925926 0.000166957101385763 3.69533334113994e-07 1.67146206
13059077 59.7780787037037 0.000166618936950759 3.23573230674674e-07 1.54290497
13059078 59.8059259259259 0.000165203988175174 3.25135393703065e-07 1.45977008
13059079 59.8325578703704 0.000162426227280116 3.79840381445172e-07 1.38699603
13059080 59.8527314814815 0.000163593645744707 4.50358182382213e-07 1.32340002
13059082 59.8722453703704 0.000163556906322865 3.45623817539098e-07 1.24962497
13059083 59.8982523148148 0.000162584319397566 3.4910181117929e-07 1.20162904
13059084 59.924525462963 0.000160965463045108 1.04777263507118e-06 1.15445209
13059085 59.92875 0.000162032708821863 3.54270242179285e-07 1.14866710
13059086 59.9544444444444 0.000162531761083571 3.7621779923972e-07 1.10583210
13059087 59.9783101851852 0.000161311326800889 5.15443789893364e-07 1.08079398
13060001 60.009212962963 0.000161078660915135 3.77673793136497e-07 1.00000000
13060002 60.034375 0.000161339827524145 3.82816221517995e-07 1.00000000
13060003 60.0592939814815 0.000161886123917263 5.81873344117565e-07 1.00000000
13060007 60.2014814814815 0.000164719867013718 5.96787441689782e-07 1.38869905
13060008 60.2115856481481 0.000164203798528333 4.03204696843417e-07 1.34418702
13060009 60.2294212962963 0.000166362802341646 4.06758462977452e-07 1.30808604
13060010 60.2478703703704 0.000165418418165501 1.67492339495185e-06 1.23897803
13060011 60.2507407407407 0.00016652222352752 4.03207769603828e-07 1.22449601
13060012 60.2712384259259 0.000166299736143847 4.54951291657219e-07 1.19104707
13061024 61.478275462963 0.000166239086585608 3.79268221634493e-07 1.41482902
13061025 61.4978819444444 0.000166082545933507 4.30802888475207e-07 1.33825898
13061026 61.5141203703704 0.000171192806428625 1.97922340243076e-06 1.29318798
13061029 61.5194675925926 0.000164948101855558 3.93637378038448e-07 1.28170896
13061030 61.5389930555556 0.00016110327886485 3.99743181005316e-07 1.21148300
13061031 61.5601388888889 0.000161913718640908 4.05078922730417e-07 1.17704606
13061035 61.5880555555556 0.000160922327423688 5.42436568364874e-07 1.12646294
13061053 61.8153703703704 0.000163779893620342 3.39382658006124e-07 1.52691507
13061054 61.8375925925926 0.000161173671618159 3.18105443510062e-07 1.43763101
13061055 61.8641203703704 0.000160898746442599 3.25495965234202e-07 1.34681296
13061056 61.892650462963 0.000158136522688445 3.74935800824281e-07 1.27436399
13061059 61.917650462963 0.000150212532019049 3.53250612949266e-07 1.22527599
13061060 61.9392708333333 0.000151431394316978 3.29955218677028e-07 1.18602896
13061061 61.9837731481481 0.000160720244363935 3.80311150282548e-07 1.00000000
13062001 62.0091435185185 0.000159067399114766 4.30615160469923e-07 1.00000000
13062002 62.0290277777778 0.000158518224784336 6.29887899601075e-07 1.00000000
13062004 62.0473032407407 0.000158492183622777 4.40821168627923e-07 1.00000000
13062005 62.0665740740741 0.000158164350238681 4.4305197268305e-07 1.00000000
13062006 62.0861111111111 0.000159011734614695 4.54789354651445e-07 1.00000000
13062007 62.1053356481481 0.000158989789418645 4.58876985557869e-07 1.00000000
13062013 62.3057407407407 0.000156381143415159 3.52670350018708e-07 1.57432604
13062014 62.3252893518519 0.000155042861431067 1.67903463233285e-06 1.50563395
13062025 62.3902893518519 0.00015947402534568 3.22670579188558e-07 1.99120998
13062026 62.4101041666667 0.000158995539135033 3.18035008290051e-07 1.73466802
13062027 62.4324189814815 0.00015925494603254 3.65599903470579e-07 1.59790802
13062028 62.4516550925926 0.000159986406246489 3.573178185276e-07 1.51933610
13062029 62.4721412037037 0.000157317398305725 3.54206047628068e-07 1.45368600
13062031 62.4934953703704 0.000162738980187631 4.92169276429873e-07 1.39586210
13062045 62.5428819444444 0.000159747064227156 6.71166832462967e-07 1.25693107
13062046 62.5513310185185 0.000158373135045001 5.49849510311034e-07 1.24671292
13062049 62.5809375 0.000157345516652253 4.05229914297379e-07 1.19662404
13062050 62.6003125 0.000157260304972171 4.09597043626316e-07 1.15905404
13062052 62.6238773148148 0.000156511314393748 9.0282001273778e-07 1.12836111
13062059 62.6526388888889 0.000155870598384094 3.8170125925312e-07 1.08336794
13062060 62.6751851851852 0.000155987784523771 8.94067194487104e-07 1.05136204
13062061 62.6795601851852 0.000156417152724203 5.12872436135457e-07 1.04895699
13062062 62.6929282407407 0.000156947517790676 3.77690387457806e-07 1.02733803
13062063 62.7174074074074 0.000155377296445121 3.97437378095608e-07 1.00000000
13063006 63.1131597222222 0.000166731109269118 9.64767639914625e-07 1.05779696
13063009 63.1271412037037 0.000172131716895914 3.89346691413213e-07 1.54207301
13063010 63.1456712962963 0.000175825147134382 4.01958795867082e-07 1.46714103
13063011 63.1639699074074 0.000175004648957238 4.04245734740292e-07 1.40953803
13063012 63.182337962963 0.0217448637784467 0.000110685057226359 1.36171103
13063020 63.2075925925926 0.000171456415796585 1.13751816747975e-06 1.29880404
13063022 63.2152777777778 0.0001744703643896 4.19192661611672e-07 1.28020108
13063023 63.2338425925926 0.000172898285441454 4.22706052524514e-07 1.23895204
13063030 63.2764930555556 0.00017150706159685 4.29116223480747e-07 1.17921710
13063031 63.2958796296296 0.000170298572313946 4.33088992046376e-07 1.14286900
13063032 63.3136226851852 0.000168859532498684 4.39435486181949e-07 1.11159110
13063033 63.3317708333333 0.000165757168656781 2.76694427907139e-06 1.08041704
13063034 63.3362268518519 0.000172573859810565 3.92198537262424e-07 1.07931209
13063035 63.360625 0.000174386796298429 4.02281905527786e-07 1.04352307
13063036 63.384224537037 0.00017083736677036 3.61174721769805e-07 1.00618696
13063051 63.5432175925926 0.000184594534709668 4.03486952007879e-07 1.62359607
13063053 63.5670138888889 0.000195199151777981 3.86938082335974e-07 1.35374212
13063054 63.5904050925926 0.000192730587704819 4.11240888418218e-07 1.19139802
13063059 63.7352662037037 0.00018256071312354 3.64760662539421e-07 1.91144204
13063061 63.7641898148148 0.000169814945162654 3.42314397219824e-07 1.42113400
13063062 63.7898842592593 0.000172708315251223 3.55073047573624e-07 1.24733710
13063063 63.8158680555556 0.000174239075553488 7.94156975000243e-07 1.14675605
13063065 63.8286111111111 0.000193543680634875 5.57616125674123e-07 1.11376202
13063067 63.8533217592593 0.000194069231215611 5.73732818785695e-07 1.04357505
13063068 63.8687152777778 0.000189761601675989 4.12743920423899e-07 1.01619697
13063071 63.8998148148148 0.000198217938303434 8.12438196074588e-07 1.00000000
13063072 63.9099189814815 0.000187810328949866 5.24563490531136e-07 1.00000000
13063073 63.9272569444444 0.000188681322115048 4.2827680148683e-07 1.00000000
13063074 63.9530787037037 0.000191009187615251 4.85564582509936e-07 1.00000000
13063076 63.9765740740741 0.000184946793146167 4.13840518086504e-07 1.00000000
13064001 64.0045833333333 0.000183118283775381 4.91949659914526e-07 1.00000000
13064002 64.025162037037 0.000181086458941185 4.00247223267582e-07 1.00000000
13064003 64.0565509259259 0.000185539897579775 5.33986113292453e-07 1.00000000
13064004 64.0752662037037 0.000185468176544368 5.40346335670699e-07 1.00000000
13064005 64.0948611111111 0.000185656364717628 8.69285954276597e-07 1.00000000
13064006 64.1056944444444 0.000181426034391836 1.38078573855139e-06 1.00000000
13064012 64.2054050925926 0.000186757736788728 5.36217173034949e-07 1.84762502
13064014 64.2214583333333 0.000191053714004296 4.00009277824111e-07 1.60105395
13064020 64.2631944444444 0.00017955732853337 4.15065163674735e-07 1.31288302
13064021 64.2822800925926 0.000181433314610021 4.25968574246005e-07 1.25570905
13064022 64.3005671296296 0.000179431804870477 4.52065041553869e-07 1.18700397
13064023 64.3190972222222 0.000181150684288147 4.46994727778973e-07 1.13051903
13064024 64.3378009259259 0.000183574894561168 3.70497110830063e-07 1.08776212
13064025 64.3648611111111 0.000185446142335881 4.10995324286034e-07 1.03200507
13064026 64.3890046296296 0.000180310334836496 4.98652343213777e-07 1.00000000
13064028 64.4306134259259 0.000176480331135147 4.72682308306406e-07 1.00000000
13064029 64.4503009259259 0.00018136137653215 3.96821738098911e-07 1.00000000
13064030 64.4785532407407 0.000179264547575921 4.96762484202792e-06 1.00000000
13064031 64.4792824074074 0.000177715518410363 4.15595162526916e-07 1.00000000
13064032 64.5052662037037 0.000176020548094685 5.19156314950159e-07 1.00000000
13064052 64.6147916666667 0.000176716053231374 1.183002564105e-06 1.47609794
13064055 64.624537037037 0.00017344883950737 3.24086129091246e-07 1.35901999
13064056 64.6543055555556 0.000165023942381396 3.8120217557116e-07 1.19055295
13064057 64.6756597222222 0.000165050248864867 3.92947410774653e-07 1.12837398
13064059 64.7300231481481 0.00016167952008567 8.84783396074268e-07 1.00000000
13064061 64.7390277777778 0.000166348575375506 5.60885283272676e-07 1.00000000
13064064 64.7561921296296 0.000154427837320353 3.57023945112e-07 1.00000000
13064065 64.7844444444444 0.000151647072782575 3.36407255895949e-07 1.00000000
13064066 64.8165740740741 0.000151251947020776 4.25046904253622e-07 1.00000000
13064067 64.8398842592593 0.000151624645967086 1.76712588373154e-06 1.00000000
13064068 64.8436226851852 0.000151665237165116 5.06910367189402e-07 1.00000000
13064070 64.8635185185185 0.000151357637297765 3.88123954826491e-07 1.00000000
13064074 64.8950462962963 0.000150987120095752 4.12335248503186e-07 1.00000000
13064075 64.9209027777778 0.000151032402283317 3.70406020663588e-07 1.00000000
13065005 65.0997106481481 0.000156828530966879 3.37852909972149e-07 1.69222295
13065006 65.119537037037 0.000157818667423544 3.61389852872824e-07 1.47627997
13065007 65.1397453703704 0.000156806503330492 3.77614160221559e-07 1.34735906
13065008 65.1585300925926 0.00015611262990676 3.88783866836277e-07 1.26236498
13065009 65.1786111111111 0.00015614537818245 3.97048542794214e-07 1.19496000
13065013 65.2147916666667 0.000154579544880042 1.21759969520293e-06 1.10103500
13065014 65.2229513888889 0.000154611644923732 4.15293473366184e-07 1.07370901
13065015 65.2426041666667 0.000154306189450307 4.21486927555283e-07 1.04078007
13065016 65.2620717592593 0.000155257627313661 4.26291282630543e-07 1.00722706
13065017 65.2817708333333 0.000154450638206497 4.34196321594734e-07 1.00000000
13065018 65.3012152777778 0.000157230500152092 4.485707775777e-07 1.00000000
13065019 65.3200231481481 0.000153821208061229 3.99251105174452e-07 1.00000000
13065020 65.3442361111111 0.000156349388727263 4.20725093966793e-07 1.00000000
13065021 65.366412037037 0.000156268008694196 4.27199569213231e-07 1.00000000
13065022 65.388275462963 0.000153414088762224 5.56693329891849e-07 1.00000000
13065046 65.6676851851852 0.000157194896461001 2.81007353029709e-07 1.64551401
13065047 65.6980555555556 0.00015661961078497 3.70079103380653e-07 1.37150002
13065048 65.7183564814815 0.000156343278093782 3.36673598505437e-07 1.27713299
13065049 65.7431944444444 0.000156402433740687 3.46524375656373e-07 1.17821610
13065050 65.7678472222222 0.0001567076426398 3.54276436112552e-07 1.09365106
13065051 65.8024884259259 0.00015484468492938 7.12658888473311e-07 1.00000000
13065052 65.8197337962963 0.000153818857296354 4.31244332108797e-07 1.00000000
13065053 65.8395601851852 0.000152900214098216 3.93223997516828e-07 1.00000000
13065055 65.8727199074074 0.000155346337473099 4.47675219971463e-07 1.00000000
13065056 65.8933217592593 0.000152030808712444 3.97335247593313e-07 1.00000000
13065058 65.9215740740741 0.000151676629104365 4.77770593714336e-07 1.00000000
13065059 65.9405324074074 0.000151939802422404 4.70369956779132e-07 1.00000000
13065060 65.9608217592592 0.000152201852026287 3.90352855836497e-07 1.00000000
13066021 66.1260416666667 0.000154669484702852 4.49624955621802e-07 1.00000000
13066022 66.1446643518519 0.00015360262931388 4.59206245628884e-07 1.00000000
13066023 66.1630324074074 0.000154033278849469 4.72140072806621e-07 1.00000000
13066024 66.1809490740741 0.000153673815506081 4.83634206761002e-07 1.00000000
13066025 66.2012384259259 0.000154772090368157 4.90846292706231e-07 1.00000000
13066026 66.2199768518519 0.000153103934519838 4.96168729670021e-07 1.00000000
13066027 66.2380671296296 0.000153205875780392 5.00978965519593e-07 1.00000000
13066028 66.2565856481481 0.000152570798611372 5.0631526155606e-07 1.00000000
13066029 66.2756018518518 0.000152875946282373 5.13574123350167e-07 1.00000000
13066030 66.2945949074074 0.000151370686814478 5.14505194539897e-07 1.00000000
13066031 66.3135185185185 0.000152026725004634 5.19931859260622e-07 1.00000000
13066033 66.3335532407407 0.000151186589301723 5.19231905307568e-07 1.00000000
13066034 66.3529050925926 0.000154208233888098 5.19076633777796e-07 1.00000000
13066035 66.3726736111111 0.000152167087188641 5.02910951433237e-07 1.00000000
13066036 66.3941550925926 0.000151478204616666 8.60619003659358e-07 1.00000000
13066100 66.7947569444444 0.000136256441832088 4.85359051850288e-06 1.00000000
13066101 66.796712962963 0.000144624423606781 5.70656909993878e-07 1.00000000
13066102 66.807662037037 0.000145127616334532 5.3023481046945e-07 1.00000000
13066104 66.8199074074074 0.000148534127488925 4.88340094172776e-07 1.00000000
13066105 66.8372106481481 0.00015613092082339 1.82423513234641e-06 1.00000000
13066109 66.857962962963 0.000154894216367801 3.33204355232772e-07 1.00000000
13066110 66.8921643518518 0.000157474265595054 3.20166281053316e-07 1.00000000
13067001 67.0007523148148 0.000169125031863913 3.30528979246855e-07 2.04939795
13067002 67.0213310185185 0.000168740177694188 3.19141635719613e-07 1.72663403
13067003 67.0436111111111 0.000168667710505987 3.39194132478262e-07 1.54813111
13067004 67.0656365740741 0.000168700768285828 3.51261243462199e-07 1.43456292
13067005 67.086712962963 0.000167822313666961 4.16894657808995e-07 1.35495102
13067006 67.1046759259259 0.000168405927470506 4.83118465605426e-07 1.29496896
13067007 67.1255324074074 0.000167856056445798 3.81359564029399e-07 1.22515905
13067008 67.1459143518519 0.000167112922737556 3.89802399092714e-07 1.17462802
13067009 67.1665509259259 0.00016736419072474 3.97321159526427e-07 1.14156902
13067010 67.186400462963 0.000167050692646847 4.0199448115005e-07 1.10286796
13067011 67.2063078703704 0.000167226472346629 4.0706136615873e-07 1.06274998
13067012 67.2266666666667 0.000167430807421287 4.92517222199041e-07 1.03554106
13067013 67.2444328703704 0.000167670617812839 4.27369658018476e-07 1.00746107
13067014 67.2643055555556 0.000165826218780599 4.50161353829169e-07 1.00000000
13067015 67.2823032407407 0.000166116657606845 4.54139187027805e-07 1.00000000
13067017 67.3016319444445 0.000166336005031969 6.50086972476047e-07 1.00000000
13068017 68.0834375 0.000172022561361021 3.76367494127784e-07 1.40080214
13068022 68.115162037037 0.000172614419530856 4.66841429580931e-07 1.27160800
13068023 68.1311226851852 0.000171229487089125 5.52469541769219e-07 1.22927999
13068027 68.2084375 0.00015703575150088 3.65728032256524e-07 1.00818896
13068028 68.2340393518518 0.000161124968474515 9.15791793942098e-07 1.00000000
13068029 68.2588657407407 0.000158064067730941 4.25379710739414e-07 1.00000000
13068034 68.3090162037037 0.000159476081138116 4.37951576378686e-07 1.00000000
13068036 68.3314699074074 0.000159608221874964 3.74751282856892e-07 1.00000000
13068037 68.3587152777778 0.000161297676597276 4.04187271615968e-07 1.00000000
13068057 68.5772453703704 0.000169860886840249 3.286321339457e-07 2.04288507
13068058 68.5967361111111 0.000167814667381779 3.23111534455966e-07 1.83331203
13068059 68.6174189814815 0.000169679585822788 3.26383825505502e-07 1.69483602
13068060 68.6395138888889 0.000176096668624153 3.53910328879346e-07 1.58990002
13068084 68.8781712962963 0.00019759670022224 1.02194655373875e-06 1.84650707
13068085 68.8810532407407 0.000194835511547159 3.78351582417996e-07 1.80516708
13068086 68.8993287037037 0.00019400548952522 3.86791795575242e-07 1.64730799
13068087 68.9182986111111 0.000192967296413632 3.56220429442351e-07 1.54234600
13068088 68.9410416666667 0.000192164169841353 3.4689073341317e-07 1.44388402
13068090 68.9684606481481 0.000190048717091752 3.24266458878507e-07 1.34992003
13069001 69.0017592592593 0.000188906955772405 2.73530757653685e-07 1.25799704
13069002 69.0464351851852 0.000188651674971287 4.19142717313995e-07 1.17734504
13069003 69.0671527777778 0.000187254026313166 5.51473501371038e-07 1.13851404
13069004 69.0829166666667 0.000187366271765673 4.08692299817367e-07 1.09944904
13069005 69.1054976851852 0.000187595042076451 4.61211463842158e-07 1.06229508
13069006 69.1283101851852 0.000185823392652985 4.57796094888685e-07 1.02568698
13069007 69.1473958333333 0.000185729331547767 4.50479190956249e-07 1.00000000
13069008 69.1684143518519 0.000184234107177973 4.70450603533613e-07 1.00000000
13069013 69.2701851851852 0.000193485623987997 3.53951262736519e-07 1.87296212
13069014 69.2903935185185 0.000192356322298883 3.44629004781386e-07 1.68932402
13069016 69.3187384259259 0.000192340876121608 3.80019351466436e-07 1.54722106
13069017 69.3382291666667 0.000191535376493412 3.78591936558055e-07 1.46517801
13069018 69.3592013888889 0.000190867508307351 3.922034558239e-07 1.40017796
13069020 69.3820486111111 0.000190934951513287 8.75731721318536e-07 1.32701397
13069021 69.3905439814815 0.000188755875735857 3.81431578851857e-07 1.29762101
13069022 69.4124537037037 0.000188687093730408 3.82436456819859e-07 1.25438297
13069023 69.4364467592593 0.000191541010333692 3.95755568659392e-07 1.21084607
13069024 69.4585185185185 0.000191236516107732 6.52955921983272e-07 1.16437101
13069026 69.4725462962963 0.000188846785961178 4.36720947234986e-07 1.14361000
13069027 69.4919675925926 0.000187015909783929 5.41079255948644e-07 1.11614108
13069029 69.5214583333333 0.000185811946232977 1.66808934137621e-06 1.06132007
13069030 69.5234837962963 0.000186194035460066 4.12024977194736e-07 1.05764103
13069031 69.5459606481482 0.000187014085448296 1.06503934193635e-06 1.00722706
13069035 69.5540393518519 0.00018507291224535 4.32642900513609e-07 1.00000000
13069036 69.5751388888889 0.000186129561610114 6.06800661619052e-07 1.00000000
13069066 69.7859259259259 0.000196282428799848 3.18250941544252e-07 1.87031007
13069067 69.8110300925926 0.000194723788504456 3.09627639986798e-07 1.73583794
13069068 69.8385416666667 0.000194769345056291 3.39813798254584e-07 1.61688793
13069069 69.8627199074074 0.000196535554252889 6.29932800026516e-07 1.53458500
13069073 69.8946412037037 0.000193362058723288 3.31151674124173e-07 1.42716610
13069074 69.9225 0.000193734402984259 3.08582539691926e-06 1.35924101
13070006 70.3053587962963 0.000195501566788297 5.64958720133848e-07 1.80814397
13070008 70.315775462963 0.00019339139099754 3.13777351232736e-07 1.75399899
13070010 70.3440393518519 0.000195785890371762 3.08931722128856e-07 1.64542294
13070011 70.3722685185185 0.00019414131098157 4.09188243437388e-07 1.55325294
13070012 70.3889814814815 0.000193196846461997 3.24523563986494e-07 1.50599802
13070014 70.4188657407407 0.000194248403358225 8.01457501272127e-07 1.45961404
13070015 70.4240162037037 0.000190970265724602 1.90023962803216e-06 1.43572009
13070016 70.4349189814815 0.000193525324793537 3.89027797314233e-07 1.39999604
13070017 70.4555555555556 0.000195194607171433 3.90450303237251e-07 1.35660207
13070018 70.4767824074074 0.000194334063784457 7.38909669392952e-07 1.31574297
13070019 70.4840972222222 0.000193539380468959 1.9279526434926e-06 1.30590212
13070020 70.4861689814815 0.000194861210437814 4.06564730191937e-07 1.30418611
13070021 70.5069097222222 0.000193965522823491 9.46272083799534e-07 1.24463296
13070022 70.511412037037 0.000192957551153453 3.9952045733587e-07 1.24415207
13070024 70.5438657407407 0.00019022531651568 9.90564995955762e-07 1.17990601
13070025 70.5484027777778 0.000190753380139355 4.17087947759804e-07 1.18683505
13070026 70.5688888888889 0.000189805068515478 4.34498790065759e-07 1.15076005
13070027 70.5889351851852 0.000189896557756902 4.61396969751184e-07 1.12538397
13070030 70.6127893518519 0.000188215001512131 2.47015513061212e-06 1.08659208
13070056 70.8806828703704 0.000329404564264617 4.49326703077548e-07 1.56369209
13070057 70.9048148148148 0.000328716399678347 4.73866203413302e-07 1.49259508
13070058 70.9274652777778 0.000329699119924547 4.69884798887679e-07 1.41307402
13070059 70.9514467592593 0.000328438958422636 8.86341046078331e-07 1.35856497
13070060 70.9628703703704 0.000326524714155014 8.33374685319474e-07 1.31690001
13070061 70.9783217592593 0.000328826222602784 1.79445474902871e-06 1.29025006
13071003 71.0089583333333 0.000312564855713888 5.31331808418588e-07 1.22660208
13071004 71.0290972222222 0.000314249945133361 5.68597224275201e-07 1.19473898
13071005 71.0469328703704 0.000309776433322473 5.66507113378951e-07 1.17236602
13071006 71.0648148148148 0.000307861781946435 1.09134996575628e-06 1.15107203
13071008 71.0767476851852 0.000292155725677304 8.68149103582168e-07 1.13495207
13071009 71.0923958333333 0.00016346669521243 7.02399124493135e-07 1.10276401
13071010 71.1020833333333 0.000161615718143795 4.10503974051874e-07 1.11361897
13071011 71.122025462963 0.00016201354762355 4.11366902891797e-07 1.08530498
13071012 71.1415625 0.000159989567558956 3.90742358031222e-07 1.06064403
13071028 71.5106018518518 0.000161859809242389 3.48976209772383e-07 1.52397704
13071029 71.5302430555556 0.00016286100343375 3.72335833176888e-07 1.48370302
13071031 71.5509490740741 0.00016351312271314 3.50439530666539e-07 1.44086802
13071032 71.5721875 0.000166755181494406 3.50481502488663e-07 1.38096404
13071033 71.5940856481482 0.000165692611468988 3.69780586447635e-07 1.33951998
13071034 71.6141666666667 0.000176405071591569 7.72519337355895e-06 1.29936302
13071037 71.6301041666667 0.000167041820287095 4.53253977632298e-06 1.26064897
13071038 71.6313888888889 0.000162901567077493 6.96406163723495e-07 1.25678802
13071040 71.6410069444444 0.000163575394596091 1.96788893874094e-06 1.23422003
13071041 71.6437268518518 0.000162370426163768 3.14749726680412e-07 1.23483109
13071042 71.6728587962963 0.000158545464866434 4.54071808418386e-07 1.19072211
13071043 71.6873611111111 0.000157946467659192 3.77034779208199e-07 1.17024708
13071045 71.7150578703704 0.000157624818472562 3.63046988591592e-07 1.13258600
13071046 71.7377083333333 0.000156857979374887 5.6036680578944e-07 1.10737896
13071048 71.7512731481481 0.000159934178543924 5.27114356750836e-07 1.10671604
13071050 71.7720949074074 0.000156933182719323 3.61779984984427e-07 1.06990004
13071051 71.7973263888889 0.000155401999808195 7.25026094025331e-07 1.04772198
13071055 71.8127083333333 0.000155970638922075 4.14680752145217e-07 1.02706504
13071064 71.9415856481481 0.000159275882297984 3.33299425051793e-07 1.74901998
13072001 71.9609837962963 0.000159848855252329 3.4968812207892e-07 1.62181509
13072002 71.9798032407407 0.000159251869911446 3.42188236417621e-07 1.54963899
13072003 71.9997453703704 0.00015955792084782 3.35334391442721e-07 1.49464905
13072004 72.0211689814815 0.00015970098374024 4.25066832466634e-07 1.44514501
13072005 72.0349421296296 0.000158484019629996 3.48912431863056e-07 1.41284001
13072006 72.0557060185185 0.000158693792807093 7.55940249809585e-07 1.36951101
13072007 72.0640740740741 0.000157854696212721 3.62179475888883e-07 1.35497713
13072008 72.0856134259259 0.000159066517711091 3.4342165404532e-07 1.29645109
13072009 72.1084027777778 0.000157797126910591 3.77681074452324e-07 1.26287210
13072010 72.1293287037037 0.000157183855447486 3.99541878897926e-07 1.23272502
13072011 72.1470138888889 0.00015571176541526 3.85902928007818e-07 1.20356607
13072014 72.1739236111111 0.000157023357912693 5.20039745074175e-07 1.17743599
13072015 72.1884837962963 0.000155150561815785 4.83180540442701e-07 1.14942110
13072016 72.2023726851852 0.000155051485843413 3.32048852749709e-07 1.12602103
13072017 72.2291203703704 0.000155238338233023 4.00114012792867e-07 1.09757710
13072018 72.2482175925926 0.000155785608714972 4.07473618344982e-07 1.06926298
13072019 72.2671759259259 0.000155890662718614 5.82054474451755e-07 1.05270100
13072020 72.2777199074074 0.000155426849423137 5.21833209297484e-07 1.03483903
