13041002 41.2118634259259 8.61686542385702e-05 8.89906629470983e-07 1.00000000
13041009 41.2993287037037 9.14668910577549e-05 5.8083557443256e-07 1.00000000
13041010 41.3140393518519 9.04271236441354e-05 9.00858162232515e-07 1.00000000
13041082 41.7666319444444 8.74232665534375e-05 6.88555560278484e-07 1.00000000
13041101 41.8104861111111 8.73089546715699e-05 4.6535119142215e-07 1.00000000
13041102 41.8277662037037 8.79035110186343e-05 4.67201185509026e-07 1.00000000
13041108 41.8582060185185 8.86432063449761e-05 5.16025294746447e-07 1.00000000
13041109 41.8818287037037 8.69008179312084e-05 4.81034810048481e-07 1.00000000
13041110 41.9000347222222 8.79070783900775e-05 5.00144903299414e-07 1.00000000
13041115 41.9295138888889 8.72502086861676e-05 4.99227850114864e-07 1.00000000
13041116 41.9480439814815 8.61443174532882e-05 5.03505256861578e-07 1.00000000
13041119 41.9763773148148 8.56853570062859e-05 5.18502762076313e-07 1.00000000
13042001 42.0006018518519 8.63864689034769e-05 5.20359102803841e-07 1.00000000
13042002 42.0195717592593 8.63098080760495e-05 5.52043325154436e-07 1.00000000
13042003 42.0381712962963 8.54620886231465e-05 5.80611540076606e-07 1.00000000
13042006 42.2619212962963 8.4511552745975e-05 4.94215664245923e-07 1.00000000
13042007 42.2790046296296 8.47098287857094e-05 5.01001236996722e-07 1.00000000
13042008 42.295462962963 8.59859250329664e-05 5.09968327694953e-07 1.00000000
13042013 42.3236805555556 8.60220016284968e-05 5.07926981441416e-07 1.00000000
13042015 42.3412962962963 8.57208572199511e-05 5.03931069387936e-07 1.00000000
13042016 42.359224537037 8.60604916854515e-05 5.27162753365258e-07 1.00000000
13042017 42.3832986111111 8.52527694408064e-05 5.30593900289878e-07 1.00000000
13042018 42.4010300925926 8.50197101500198e-05 5.30470586622699e-07 1.00000000
13042019 42.4187268518519 8.5838187561652e-05 5.34558326299243e-07 1.00000000
13042020 42.4378587962963 8.54005801146802e-05 2.15935414483403e-06 1.00000000
13042022 42.4430092592593 8.56569300015757e-05 4.64178856225979e-07 1.00000000
13042023 42.4656018518519 8.4746117417281e-05 6.59459891682819e-07 1.00000000
13042024 42.5167592592593 8.41920427620065e-05 5.51111568033396e-07 1.00000000
13042025 42.5345023148148 8.56429498340741e-05 5.62588974244987e-07 1.00000000
13042026 42.5521064814815 8.49082533644995e-05 5.65842437337045e-07 1.00000000
13042027 42.5697916666667 8.45456417586676e-05 5.63400943929973e-07 1.00000000
13042046 42.8201157407407 8.690936167109e-05 3.6926645240123e-07 1.00000000
13042047 42.8361111111111 8.70884599314331e-05 3.69617151428579e-07 1.00000000
13042048 42.8532175925926 8.76181860172295e-05 3.25324200811416e-07 1.00000000
13042049 42.8759027777778 8.69446699538911e-05 3.8243957899163e-07 1.00000000
13042050 42.8932986111111 8.6742496774249e-05 5.43776444744372e-07 1.00000000
13043005 43.2440972222222 8.61690392226186e-05 3.79086660779331e-07 1.00000000
13043006 43.2601157407407 8.57161800208607e-05 3.93665685297028e-07 1.00000000
13043011 43.2925694444444 8.64873602299782e-05 4.11207143671903e-07 1.00000000
13043012 43.3093171296296 8.64903387540516e-05 4.19363759791184e-07 1.00000000
13043013 43.3267824074074 8.62810006837816e-05 4.28858173459528e-07 1.00000000
13043017 43.3515509259259 8.67008206744295e-05 5.56081817790177e-07 1.00000000
13043023 43.411087962963 8.50442531571173e-05 4.89127263397683e-07 1.00000000
13043030 43.4680787037037 8.46213347346947e-05 4.7824190388986e-07 1.00000000
13043031 43.4885648148148 6.57748254013555e-05 1.07838503724817e-06 1.00000000
13043032 43.498900462963 6.59444554083081e-05 4.31188751829166e-07 1.00000000
13043035 43.53 5.96193245304326e-05 4.12205737903951e-07 1.00000000
13043044 43.6758912037037 6.05291197964829e-05 3.00926032446611e-07 1.00000000
13043047 43.7145833333333 6.13218555773778e-05 3.10211604020557e-07 1.00000000
13043048 43.7324189814815 6.08530038918263e-05 3.1220911636487e-07 1.00000000
13043049 43.7505787037037 6.02015546004205e-05 3.144243433074e-07 1.00000000
13043050 43.7695023148148 6.07599570487647e-05 3.20041188561233e-07 1.00000000
13043051 43.7884259259259 6.05621348578621e-05 1.86009283230782e-06 1.00000000
13043052 43.7995717592593 6.04791796885286e-05 3.30986710894226e-07 1.00000000
13043053 43.8185300925926 6.04694576327711e-05 3.35383091183088e-07 1.00000000
13043054 43.8379282407407 6.05810913739513e-05 3.40757963963598e-07 1.00000000
13043055 43.8577199074074 6.0000731552977e-05 3.51484522118755e-07 1.00000000
13043056 43.8779513888889 6.05497631091848e-05 3.64779643316039e-07 1.00000000
13043057 43.8980787037037 6.13291597032572e-05 3.90326749971879e-07 1.00000000
13043058 43.9279861111111 6.04079709715792e-05 3.58400393454563e-07 1.00000000
13043059 43.9476388888889 6.07213422494697e-05 3.67134940470029e-07 1.00000000
13043060 43.9673726851852 6.43174211892902e-05 6.96780289730986e-07 1.00000000
13043063 43.9899421296296 5.95524489265435e-05 1.65418442177807e-06 1.00000000
13044017 44.2143981481481 6.07309501670951e-05 3.18411990514846e-07 1.00000000
13044018 44.2323148148148 6.05699264113466e-05 3.22719029946093e-07 1.00000000
13044019 44.250462962963 6.01776929757672e-05 3.27144315535677e-07 1.00000000
13044020 44.2689814814815 6.07750224064897e-05 3.74529896187899e-07 1.00000000
13044021 44.2916666666667 6.04244057797951e-05 3.38742438025923e-07 1.00000000
13044022 44.3106018518519 6.0068072619439e-05 3.37968651548855e-07 1.00000000
13044023 44.3294791666667 6.0172877038338e-05 3.43991900523832e-07 1.00000000
13044024 44.3484490740741 6.08013401192762e-05 3.52119335142392e-07 1.00000000
13044025 44.3705671296296 6.01980198019521e-05 3.52912823090816e-07 1.00000000
13044026 44.3907291666667 6.06844524762278e-05 5.53700228838256e-07 1.00000000
13044029 44.4212847222222 6.01385677622526e-05 4.40069564696013e-07 1.00000000
13044030 44.4377662037037 6.07156649106988e-05 3.67584656616403e-07 1.00000000
13044031 44.4573842592593 6.01570472596581e-05 4.66431824988525e-07 1.00000000
13044034 44.4788310185185 6.13910614362542e-05 8.27771204525386e-07 1.00000000
13044118 44.896875 7.18391678180733e-05 1.49658213055884e-05 1.00000000
13044119 44.8989699074074 6.05529856235779e-05 7.02706929594863e-07 1.00000000
13044121 44.9038888888889 6.08481534395433e-05 6.92374772456485e-07 1.00000000
13044122 44.9093518518519 6.01612114293012e-05 2.90811826005952e-07 1.00000000
13044123 44.9283333333333 6.07303382112604e-05 3.2033433921846e-07 1.00000000
13044124 44.9458680555556 6.10389816945702e-05 3.2307890860259e-07 1.00000000
13044125 44.9660185185185 6.05916481096675e-05 3.56453852434863e-07 1.00000000
13044126 44.9884027777778 6.05578379573635e-05 3.68123312014115e-07 1.00000000
13045001 45.0033796296296 6.00321649317941e-05 3.69496363762265e-07 1.00000000
13045003 45.0184143518519 5.97431802778704e-05 1.16161557409202e-06 1.00000000
13045005 45.0433101851852 6.02803017308828e-05 3.16388721235116e-07 1.00000000
13045006 45.0693981481481 5.96593140349349e-05 4.21789746446721e-07 1.00000000
13045007 45.096400462963 6.03511986409208e-05 3.25051463922054e-07 1.00000000
13045012 45.1260300925926 6.03286873101433e-05 4.16086922758112e-07 1.00000000
13045029 45.1685532407407 6.01386944363185e-05 3.74294367000257e-07 1.00000000
13045056 45.4773842592593 6.06988109009065e-05 2.70620939935362e-07 1.00000000
13045133 45.8602893518519 6.08619379857589e-05 2.76645313429413e-07 1.00000000
13045134 45.8778356481481 6.12976100937002e-05 2.79693901190434e-07 1.00000000
13045135 45.8971643518518 6.06112206580968e-05 3.5333691734601e-07 1.00000000
13045138 45.9129050925926 6.05671509455217e-05 2.83352904400274e-07 1.00000000
13045145 45.9555439814815 6.0301780245048e-05 2.90313285320521e-07 1.00000000
13045146 45.9744212962963 6.07422390336446e-05 7.60503595514127e-07 1.00000000
13045164 45.9979513888889 6.04008425911075e-05 2.95340014329894e-07 1.00000000
13046001 46.0181365740741 6.01227923804657e-05 2.99398532866261e-07 1.00000000
13046002 46.0372800925926 6.1246269984712e-05 1.17495577638458e-06 1.00000000
13046003 46.0480324074074 6.06325853995879e-05 3.29973305555281e-07 1.00000000
13046004 46.0645833333333 6.04650916061362e-05 3.46831926897038e-07 1.00000000
13046008 46.1530439814815 6.26048566741204e-05 6.52786680069666e-07 1.00000000
13046010 46.1591550925926 6.08681582794287e-05 7.10248932440811e-07 1.00000000
13046011 46.1637615740741 6.0108064150845e-05 2.78892054115188e-07 1.00000000
13046012 46.1791435185185 6.14447914602452e-05 2.54254722410549e-07 1.00000000
13046013 46.1979166666667 6.12752554577556e-05 2.51097193713251e-07 1.00000000
13046014 46.219224537037 6.14155866225452e-05 4.14550773055704e-07 1.00000000
13046015 46.2290162037037 6.08832910519404e-05 3.59359223482879e-07 1.00000000
13046017 46.2453472222222 6.18148486430819e-05 2.59773434973972e-07 1.00000000
13046028 46.2887615740741 6.06756295342902e-05 2.84721721374835e-07 1.00000000
13046029 46.3071064814815 5.96112837736142e-05 3.84010488714682e-07 1.00000000
13046118 46.9664814814815 6.13912057271844e-05 5.44785066219134e-07 1.00000000
13046119 46.9764699074074 6.00877473381512e-05 4.89702798743081e-07 1.00000000
13046120 46.986087962963 6.20997117531527e-05 4.37644796294031e-07 1.00000000
13046121 46.9947337962963 6.09902282727904e-05 4.20309674075896e-07 1.00000000
13047002 47.0056828703704 6.09159761895962e-05 3.18481516555485e-07 1.00000000
13047003 47.0201157407407 6.01222164296697e-05 4.82090737468486e-07 1.00000000
13047004 47.0278240740741 5.99398612462624e-05 5.05038219350331e-07 1.00000000
13047014 47.1780092592593 6.19562404927993e-05 1.52060774674545e-06 1.00000000
13047018 47.1865972222222 6.13962116279952e-05 8.60536510303213e-07 1.00000000
13047022 47.1994560185185 6.2079422226271e-05 7.47704602651377e-07 1.00000000
13047023 47.2051041666667 6.24561032525268e-05 2.48641818362785e-07 1.00000000
13047024 47.2230671296296 6.20091743780564e-05 4.89675132414656e-07 1.00000000
13047026 47.2356828703704 6.25290094362219e-05 3.08874456598423e-07 1.00000000
13047027 47.2485763888889 6.21441685802226e-05 3.41471783086364e-07 1.00000000
13047028 47.2760069444444 6.26030094454029e-05 3.76235126882519e-07 1.00000000
13047029 47.2907407407407 6.21882247604019e-05 3.36314142291482e-07 1.00000000
13047030 47.3031134259259 6.20044456445183e-05 3.37139562543411e-07 1.00000000
13047031 47.3157523148148 6.22721690543701e-05 3.22617696129965e-07 1.00000000
13047032 47.3301273148148 6.14867000567118e-05 3.20725307983165e-07 1.00000000
13047033 47.3445138888889 6.13264864913105e-05 1.0088522212178e-06 1.00000000
13047034 47.3470023148148 6.1122579446197e-05 3.23725505505139e-07 1.00000000
13047035 47.3674537037037 6.10753162376016e-05 2.87941399292305e-07 1.00000000
13047036 47.3855671296296 6.00509960764716e-05 3.34583886216827e-07 1.00000000
13047037 47.3993055555556 6.00853087544844e-05 2.97432164713208e-07 1.00000000
13047039 47.4234027777778 5.99611132756417e-05 2.95176329590302e-07 1.00000000
13047040 47.4419097222222 6.00075470494941e-05 3.43091718269176e-07 1.00000000
13047041 47.455462962963 6.01996824977351e-05 1.38176055497801e-06 1.00000000
13047042 47.4574537037037 6.00684049181904e-05 1.00250301611052e-06 1.00000000
13047043 47.4596759259259 5.89274347077054e-05 1.31630254220822e-06 1.00000000
13047044 47.4615625 5.81544323426859e-05 2.15380265334641e-06 1.00000000
13047045 47.4627546296296 5.93752177178957e-05 1.16936722354924e-06 1.00000000
13047046 47.4652662037037 5.68482506666429e-05 1.82335537820186e-06 1.00000000
13047047 47.4669675925926 5.95822511658131e-05 8.55701992242642e-07 1.00000000
13047048 47.4703125 5.96169250240243e-05 1.17824756005871e-06 1.00000000
13047049 47.4724768518519 5.86073916780577e-05 1.04353895437242e-06 1.00000000
13047050 47.4749537037037 5.951044220692e-05 1.42497386268482e-06 1.00000000
13047051 47.4774305555556 6.05304448021836e-05 8.21109149158708e-07 1.00000000
13047052 47.4805439814815 6.03159235979413e-05 7.93332216155826e-07 1.00000000
13047053 47.4851851851852 5.90324042220747e-05 1.12731134722076e-06 1.00000000
13047054 47.4875 6.01932819234033e-05 5.53825718777003e-07 1.00000000
13047055 47.4939351851852 6.07555562755966e-05 8.75901086643823e-07 1.00000000
13047122 47.9509259259259 6.08908604043195e-05 2.7411634633034e-07 1.00000000
13047123 47.9650578703704 6.11701264194599e-05 2.72178991784498e-07 1.00000000
13047124 47.9796759259259 6.10749501915886e-05 3.65844839223989e-07 1.00000000
13047126 47.9904513888889 6.02176016154418e-05 2.45065286191487e-07 1.00000000
13048007 48.0213310185185 5.86778118299661e-05 1.40827074474497e-06 1.00000000
13048009 48.0253009259259 6.00567015857468e-05 2.54280501618709e-07 1.00000000
13048010 48.045462962963 6.03071271753661e-05 6.23129757102146e-07 1.00000000
13048011 48.0577430555556 5.95797761636212e-05 2.6512652914956e-07 1.00000000
13048012 48.0761458333333 5.95123363060378e-05 2.66315158211263e-07 1.00000000
13048013 48.0948958333333 5.95174792554535e-05 2.75149683066931e-07 1.00000000
13048014 48.1134259259259 5.94454471769387e-05 2.76305993815071e-07 1.00000000
13048015 48.1330092592593 5.91772750822015e-05 2.80433842453606e-07 1.00000000
13048016 48.1515972222222 5.93854294910587e-05 2.84314659751411e-07 1.00000000
13048017 48.1707986111111 5.94039407662285e-05 5.46009085607801e-07 1.00000000
13048018 48.184212962963 5.86160734335297e-05 2.95197491349235e-07 1.00000000
13048019 48.2026851851852 4.47292798907849e-05 3.17419580150138e-07 1.00000000
13048022 48.2307638888889 5.84843692394471e-05 5.22813078239677e-07 1.00000000
13048030 48.3642824074074 6.10742155070365e-05 2.64308173853925e-07 1.00000000
13048031 48.3784027777778 6.10835054002803e-05 2.56240982006305e-07 1.00000000
13048032 48.3942361111111 6.01320165505271e-05 6.2479878072047e-07 1.00000000
13048040 48.4162847222222 6.03382641970924e-05 2.49550105555547e-07 1.00000000
13048041 48.4344907407407 5.97241069040523e-05 3.31683211007419e-07 1.00000000
13048042 48.445787037037 6.01309193129753e-05 2.5750809646999e-07 1.00000000
13048043 48.4633680555556 5.95816210092788e-05 3.40756811868439e-07 1.00000000
13048044 48.4745486111111 5.92897615024369e-05 6.93723569792819e-07 1.00000000
13048045 48.4782407407407 6.01456440715985e-05 5.55531541667903e-07 1.00000000
13048046 48.4931597222222 5.93548148355296e-05 1.42206234163234e-06 1.00000000
13048049 48.5048726851852 5.93746696114472e-05 2.76800536669276e-07 1.00000000
13048050 48.522962962963 5.9413910448381e-05 2.80862179987047e-07 1.00000000
13048051 48.5409027777778 5.91392048477485e-05 2.66937960850567e-07 1.00000000
13048052 48.5608680555556 5.91560471978935e-05 2.88877332935202e-07 1.00000000
13048053 48.5789583333333 5.91041012223915e-05 2.90265467811321e-07 1.00000000
13048087 48.7585532407407 6.05773277826933e-05 2.28106534134254e-07 1.00000000
13048088 48.7761458333333 6.07688240176076e-05 2.38522068433662e-07 1.00000000
13048089 48.7936226851852 6.00957707960858e-05 2.41368484074225e-07 1.00000000
13048090 48.8122916666667 6.01467460105371e-05 2.4716703735015e-07 1.00000000
13048091 48.8344675925926 5.96653437955976e-05 2.51899750936822e-07 1.00000000
13048092 48.8530324074074 5.98454944914366e-05 2.6359543577697e-07 1.00000000
13048093 48.8787731481481 6.00818620822911e-05 5.54328140828087e-07 1.00000000
13049004 49.1253356481481 5.9462775417149e-05 4.09988107422415e-07 1.00000000
13049005 49.1318634259259 5.94685420103941e-05 6.00184842499165e-07 1.00000000
13049006 49.1360532407407 5.96703852720943e-05 2.19555403317462e-07 1.00000000
13049007 49.158912037037 6.08291471335926e-05 1.21923064552289e-06 1.00000000
13049031 49.2659143518519 5.8617000346344e-05 2.86919882185612e-07 1.00000000
13049032 49.2835185185185 5.85568114091295e-05 4.30726913758533e-07 1.00000000
13049035 49.2982523148148 5.86676816789287e-05 2.89240638082393e-07 1.00000000
13049039 49.3423148148148 5.87504887177557e-05 2.97291612088312e-07 1.00000000
13049041 49.3613541666667 5.96915865811585e-05 6.45304551850891e-07 1.00000000
13049042 49.3710300925926 5.83708013876148e-05 3.36322178815711e-07 1.00000000
13049044 49.387037037037 5.82434241164433e-05 3.56854853682796e-07 1.00000000
13049045 49.4041203703704 5.79397656165196e-05 3.14662582035509e-07 1.00000000
13049046 49.4225462962963 5.833264008512e-05 3.14668594578435e-07 1.00000000
13049047 49.4409953703704 5.84214192255874e-05 3.19792538704131e-07 1.00000000
13049048 49.4596064814815 5.85115803628489e-05 3.49370251846376e-07 1.00000000
13049049 49.4753009259259 5.7311254119855e-05 3.58185070585791e-07 1.00000000
13049050 49.4942361111111 5.7254058043426e-05 9.45707368462685e-07 1.00000000
13049052 49.4990625 0.000267444649672396 8.86982133416092e-05 1.00000000
13049072 49.7058333333333 6.28924693083485e-05 2.25569050762846e-07 1.00000000
13049073 49.7244097222222 7.01524147566205e-05 2.4785648334482e-07 1.00000000
13049080 49.759537037037 6.59333319176298e-05 2.51968856592017e-07 1.00000000
13049081 49.778599537037 6.7606515036645e-05 2.62614518636488e-07 1.00000000
13049082 49.7975462962963 6.97103552519438e-05 2.53830998447733e-07 1.00000000
13049086 49.8266087962963 6.9270097260937e-05 2.90079558963822e-07 1.00000000
13049087 49.8456712962963 6.68154570193185e-05 2.88196933843686e-07 1.00000000
13049088 49.8636689814815 6.54713833323629e-05 2.91805607506708e-07 1.00000000
13049089 49.8818634259259 6.66001445534649e-05 1.58521568864718e-06 1.00000000
13049093 49.894375 6.20881759900388e-05 2.82265621465955e-07 1.00000000
13049094 49.9144560185185 6.15091449416288e-05 2.84994140806126e-07 1.00000000
13049096 49.9351273148148 6.10415955278566e-05 4.58453178853104e-07 1.00000000
13049098 49.9517824074074 6.44700099217391e-05 3.01087706352838e-07 1.00000000
13049099 49.9705787037037 6.84377572416942e-05 3.18431717705587e-07 1.00000000
13049101 49.9924884259259 6.6131925193024e-05 3.17788209730114e-07 1.00000000
13050001 50.010775462963 6.08606656854942e-05 3.42265460249474e-07 1.00000000
13050006 50.1337962962963 6.11543431444331e-05 1.98856427793804e-07 1.00000000
13050007 50.1603125 6.1219181935188e-05 4.65979082101227e-07 1.00000000
13050009 50.1779166666667 6.20587337705674e-05 2.73646310189572e-07 1.00000000
13050011 50.1969097222222 6.35272260048602e-05 2.52115936547435e-07 1.00000000
13050012 50.2193981481481 6.2110023769673e-05 2.53030737009866e-07 1.00000000
13050015 50.2592939814815 6.64922437228804e-05 8.63288857829284e-07 1.00000000
13050016 50.2625925925926 6.60492816409402e-05 6.88588576830929e-07 1.00000000
13050020 50.2785185185185 6.66119426282393e-05 2.82633091837688e-07 1.00000000
13050022 50.298287037037 6.42028273596646e-05 2.81031423405881e-07 1.00000000
13050023 50.3170138888889 6.50804091579481e-05 2.86905715804427e-07 1.00000000
13050025 50.3370601851852 6.33750045727765e-05 5.21875754844052e-07 1.00000000
13050026 50.3436574074074 6.25945938773793e-05 4.09767852479298e-07 1.00000000
13050027 50.3533449074074 0.0620627140393043 0.000503527650676562 1.00000000
13050028 50.3604050925926 6.66085940794239e-05 3.75875577664479e-07 1.00000000
13050029 50.3724884259259 6.15536107140228e-05 3.05562631984923e-07 1.00000000
13050031 50.3928009259259 5.96110791752721e-05 5.52482979905626e-07 1.00000000
13050032 50.4052430555556 6.01245784042465e-05 2.96776872870217e-07 1.00000000
13050033 50.4238657407407 5.91345701373982e-05 4.63604997618881e-07 1.00000000
13050036 50.4357060185185 6.05102300381584e-05 3.03198362327253e-07 1.00000000
13050037 50.4546643518518 6.00450221435266e-05 4.86439121132099e-07 1.00000000
13050038 50.4622685185185 6.0175881152888e-05 3.07873284715786e-07 1.00000000
13050039 50.48125 5.89696332287963e-05 3.95357198642111e-07 1.00000000
13050041 50.4948958333333 6.20739842721489e-05 3.74376684901609e-07 1.00000000
13050042 50.5095717592593 6.32870452786292e-05 3.47442184875245e-07 1.00000000
13050043 50.5285763888889 6.05487461437195e-05 3.78366493385838e-07 1.00000000
13050044 50.5450578703704 5.90866413464376e-05 4.43283586983952e-07 1.00000000
13050046 50.5750462962963 6.06599921951034e-05 3.69729346026082e-07 1.00000000
13050047 50.5940740740741 5.81736138640925e-05 3.72384609802239e-07 1.00000000
13050049 50.6138541666667 5.67633973465498e-05 3.56710313828944e-07 1.00000000
13050050 50.6361689814815 5.93798126998799e-05 9.99256373203672e-07 1.00000000
13051006 51.1352662037037 6.35330963808015e-05 2.12254274965385e-07 1.00000000
13051007 51.1566898148148 6.43009154229464e-05 2.22378225920219e-07 1.00000000
13051008 51.1793287037037 6.4521283793246e-05 2.55287967105643e-07 1.00000000
13051009 51.1983101851852 6.48332152705964e-05 2.59779977665858e-07 1.00000000
13051010 51.2171643518518 6.6401445536521e-05 2.66620615144159e-07 1.00000000
13051011 51.2360763888889 6.52575494470543e-05 2.69111091451126e-07 1.00000000
13051012 51.2556365740741 6.46179151981998e-05 5.30654939035309e-07 1.00000000
13051015 51.2746643518518 6.4166684262167e-05 2.82647065913306e-07 1.00000000
13051016 51.2930671296296 6.32599100700326e-05 2.83659181150855e-07 1.00000000
13051017 51.3119328703704 6.25494928017232e-05 2.87837425491877e-07 1.00000000
13051019 51.33125 6.2476390290107e-05 3.08133697278446e-07 1.00000000
13051020 51.3477083333333 6.17264702118381e-05 2.90710863000312e-07 1.00000000
13051021 51.3664814814815 6.19152919575712e-05 3.14220368794571e-07 1.00000000
13051022 51.3918171296296 6.20554848690526e-05 3.06031835220474e-07 1.00000000
13051023 51.4100578703704 6.40762186201254e-05 3.06761100003765e-07 1.00000000
13051024 51.4288194444444 6.50625049875544e-05 4.2089348168034e-07 1.00000000
13051026 51.4408680555556 6.38118387759049e-05 3.13532344846733e-07 1.00000000
13051028 51.4611689814815 6.54860419274009e-05 4.25660135830865e-07 1.00000000
13051068 51.5898148148148 6.79412694364794e-05 2.88587687854956e-07 1.00000000
13051069 51.606712962963 6.70726790239029e-05 2.9148662504002e-07 1.00000000
13051070 51.625 6.75606981303588e-05 3.44955275002402e-07 1.00000000
13051071 51.6384490740741 7.06246740189519e-05 3.07968290897158e-07 1.00000000
13051072 51.6563773148148 7.23994027577399e-05 3.18117740988134e-07 1.00000000
13051073 51.6743518518518 7.28724037044771e-05 3.2367379111925e-07 1.00000000
13051074 51.692650462963 7.45858576619939e-05 3.10512250993856e-07 1.00000000
13051080 51.7350810185185 7.52908112989033e-05 2.55249912540428e-06 1.00000000
13051081 51.7364467592593 7.11646796679441e-05 5.92360060270503e-07 1.00000000
13051083 51.7513425925926 7.49100406625224e-05 3.56253076235287e-07 1.00000000
13051084 51.7693171296296 7.4594088555695e-05 4.5310155361249e-07 1.00000000
13051085 51.7821296296296 7.25608363254246e-05 3.49128153047713e-07 1.00000000
13051086 51.8005324074074 6.78661307780922e-05 3.40710333284199e-07 1.00000000
13051087 51.8192592592593 7.12017767519796e-05 3.85990199190325e-07 1.00000000
13051088 51.834849537037 6.86322835890232e-05 4.30910922953907e-07 1.00000000
13051091 51.8538541666667 7.17201133663351e-05 3.6269579395106e-07 1.00000000
13051092 51.8724768518519 7.30880439126146e-05 3.69802581992229e-07 1.00000000
13051093 51.8913425925926 7.4748193582574e-05 3.73909314487828e-07 1.00000000
13051095 51.910775462963 7.04907045207858e-05 1.07331392664274e-06 1.00000000
13051099 51.9731712962963 8.4548596136476e-05 2.86875206942451e-07 1.00000000
13051100 51.9933101851852 8.32425566952824e-05 1.13749026382399e-06 1.00000000
13051102 51.9994444444444 7.93362193179105e-05 1.92354595693694e-06 1.00000000
13052001 52.0016087962963 8.29191538919255e-05 2.97865121010804e-07 1.00000000
13052002 52.0205324074074 7.87779440196426e-05 2.96104145323561e-07 1.00000000
13052003 52.0390856481482 8.38798483710246e-05 3.12919122415426e-07 1.00000000
13052004 52.0579398148148 8.64742937836455e-05 3.24292221016318e-07 1.00000000
13052005 52.0764930555556 7.88544340814975e-05 3.52845637440051e-07 1.00000000
13052009 52.116400462963 7.56994958037935e-05 7.00834595769763e-07 1.00000000
13052010 52.12125 7.9277535225185e-05 3.29203119703864e-07 1.00000000
13052011 52.1401273148148 9.34888198070372e-05 3.62882962696051e-07 1.00000000
13052012 52.158275462963 9.37309213417638e-05 3.66844858333356e-07 1.00000000
13052013 52.1767013888889 0.000107309264047963 3.98196728578772e-07 1.00000000
13052014 52.1963773148148 0.000100949621156159 3.9682015228029e-07 1.00000000
13052015 52.2150115740741 9.88683781835204e-05 8.85715671320681e-07 1.00000000
13052016 52.225162037037 0.000102235588443824 4.64285553508431e-07 1.00000000
13052017 52.2399537037037 9.82342134792519e-05 4.12819641546068e-07 1.00000000
13052018 52.2586574074074 9.91073592222492e-05 4.32374435734774e-07 1.00000000
13052019 52.2772569444444 8.78563107780524e-05 4.13433540308675e-07 1.00000000
13052020 52.2937268518519 8.98637492824136e-05 3.84768482997147e-07 1.00000000
13052021 52.3137384259259 8.98122467971995e-05 3.77969560057285e-07 1.00000000
13052022 52.3382638888889 6.17005504024999e-05 9.57403151137121e-07 1.00000000
13052036 52.5740625 6.06301138649222e-05 3.73056459406541e-07 1.00000000
13052037 52.5827083333333 6.10653390297165e-05 2.40050463503879e-07 1.00000000
13052039 52.6033912037037 6.07488488261728e-05 2.44975493444984e-07 1.00000000
13052042 52.6241087962963 6.08050758718349e-05 2.58353811289691e-07 1.00000000
13052043 52.6420023148148 6.05903218915575e-05 2.60724088060231e-07 1.00000000
13052045 52.6601157407407 6.02766173840818e-05 2.64970404506631e-07 1.00000000
13052046 52.6779050925926 6.10901838107358e-05 2.75949179475756e-07 1.00000000
13052047 52.6963310185185 6.03830140664449e-05 1.08308152387279e-06 1.00000000
13052048 52.6993171296296 6.0184386097139e-05 2.78313059146957e-07 1.00000000
13052050 52.7229861111111 5.95863475585389e-05 2.80265352812498e-07 1.00000000
13052051 52.7421759259259 5.97823276845184e-05 2.80755714085656e-07 1.00000000
13052052 52.7605787037037 6.04828485908676e-05 2.86865485234185e-07 1.00000000
13052053 52.7793055555556 5.98627488598061e-05 3.04042904439561e-07 1.00000000
13052054 52.8065046296296 5.84500893284146e-05 1.04605846117105e-06 1.00000000
13052056 52.8143402777778 5.86227403770655e-05 5.26580961943874e-07 1.00000000
13052061 52.8405787037037 5.90443525151478e-05 4.42493340835862e-07 1.00000000
13052063 52.8559722222222 1.3016469087513e-05 1.12722994443767e-05 1.00000000
13052088 52.9961111111111 6.07904724775119e-05 2.30501517086977e-07 1.00000000
13053004 53.0207523148148 6.04445616834097e-05 2.38249906637706e-07 1.00000000
13053005 53.0389583333333 6.06607508231584e-05 2.47775285835502e-07 1.00000000
13053006 53.0571527777778 6.00926238467454e-05 2.48234991207535e-07 1.00000000
13053007 53.0818634259259 5.96902615293652e-05 2.56898778398548e-07 1.00000000
13053010 53.1074768518518 3.09722176331633e-05 3.23131074980508e-07 1.00000000
13053012 53.1203125 5.7482896799904e-05 2.5729561850975e-07 1.00000000
13053013 53.1386805555556 5.70710027633138e-05 3.02654173201237e-07 1.00000000
13053015 53.1575810185185 5.73628399320641e-05 2.65538318640003e-07 1.00000000
13053021 53.1960648148148 2.74660682588102e-05 4.25939965056984e-07 1.00000000
13053023 53.2081944444444 5.29889723244032e-05 3.11427715525229e-07 1.00000000
13053027 53.2665972222222 5.90531195867387e-05 2.94148577768615e-07 1.00000000
13053028 53.2843865740741 5.81711551603684e-05 2.92353145281209e-07 1.00000000
13053029 53.3025115740741 5.73353306320155e-05 4.42036551737703e-07 1.00000000
13054004 54.042349537037 5.96655512348484e-05 2.83647247602729e-07 1.00000000
13054005 54.0564583333333 5.90546649140316e-05 4.58367165628617e-07 1.00000000
13054006 54.0621759259259 5.92181577275919e-05 2.13825014413192e-07 1.00000000
13054007 54.0822453703704 5.91852432674123e-05 2.1776893758155e-07 1.00000000
13054008 54.1009259259259 5.88817772528239e-05 2.20687084442638e-07 1.00000000
13054009 54.119849537037 5.81171901151893e-05 2.25954255533558e-07 1.00000000
13054010 54.1383796296296 5.80802427742347e-05 2.29866765825637e-07 1.00000000
13054011 54.1665972222222 5.78487596407498e-05 2.37717945005449e-07 1.00000000
13054012 54.1853356481481 5.76615526346322e-05 2.39775426752211e-07 1.00000000
13054013 54.2038773148148 5.81220512761904e-05 2.44082589206696e-07 1.00000000
13054014 54.2224074074074 5.76662720253664e-05 2.47178178406444e-07 1.00000000
13054015 54.2413541666667 5.75127396155491e-05 2.48454077962949e-07 1.00000000
13054016 54.2599652777778 5.76349013784938e-05 2.52738474730597e-07 1.00000000
13054017 54.2784375 5.74868417396262e-05 7.1867700754727e-07 1.00000000
13054018 54.2899305555556 5.70908268221574e-05 2.58422700730102e-07 1.00000000
13054019 54.3083564814815 3.99789037316289e-05 2.05256207411693e-07 1.00000000
13054020 54.3305902777778 2.62566676004396e-05 2.36409187051086e-07 1.00000000
13054022 54.3505208333333 5.63530815173255e-05 1.10748880804348e-06 1.00000000
13054023 54.3538078703704 5.84015222528016e-05 5.62212843255101e-07 1.00000000
13054042 54.5213194444444 5.92912489682922e-05 2.37654709781839e-07 1.00000000
13054043 54.5405902777778 5.89369174133752e-05 2.46274039556025e-07 1.00000000
13054044 54.5585185185185 5.87065905700253e-05 2.502547016192e-07 1.00000000
13054045 54.5784837962963 5.70077175502482e-05 8.88553397961831e-07 1.00000000
13054047 54.5844097222222 5.85964831767385e-05 6.90306506156029e-07 1.00000000
13054050 54.6018287037037 5.90487821998544e-05 4.55937895638249e-07 1.00000000
13054056 54.6159722222222 5.6153527870784e-05 3.79434411638297e-06 1.00000000
13054057 54.6209490740741 5.82690573724171e-05 1.10048810020428e-05 1.00000000
13054058 54.6226736111111 5.7688978398959e-05 2.93191877194715e-07 1.00000000
13054060 54.6442824074074 5.81740200985973e-05 2.85391708042434e-07 1.00000000
13054061 54.6619444444444 5.75293585649518e-05 2.8885789099585e-07 1.00000000
13054062 54.6785532407407 5.69664270053587e-05 2.88374873394904e-07 1.00000000
13054063 54.6957407407407 5.6742119344644e-05 2.68475509684134e-07 1.00000000
13054064 54.7180787037037 5.74685989480704e-05 2.74468639796324e-07 1.00000000
13054065 54.7382291666667 5.74665648350602e-05 2.79159890078786e-07 1.00000000
13054066 54.7578356481482 5.82210534023291e-05 4.2304724865775e-07 1.00000000
13054068 54.7763888888889 5.58254716599759e-05 2.80745579986943e-07 1.00000000
13054069 54.7978472222222 5.54709978506668e-05 2.82570127796858e-07 1.00000000
13054070 54.8178587962963 5.56816145672831e-05 2.87430952962034e-07 1.00000000
13054071 54.8383101851852 5.54906799995087e-05 3.14402465013858e-07 1.00000000
13054083 54.943599537037 5.76924950162245e-05 2.19299716374106e-07 1.00000000
13054084 54.9631712962963 5.92075981260004e-05 2.2659960342548e-07 1.00000000
13054085 54.9823611111111 5.7641074175815e-05 2.28300419366857e-07 1.00000000
13055001 55.0017939814815 4.67001354359674e-05 2.0468073371035e-07 1.00000000
13055004 55.0384722222222 6.23573961776718e-05 3.45912468246796e-07 1.00000000
13055006 55.0554166666667 6.16918830365342e-05 2.82553791818367e-07 1.00000000
13055007 55.0713888888889 6.07818340585393e-05 2.85537784902333e-07 1.00000000
13055008 55.0871875 6.15125608303654e-05 2.88699776145596e-07 1.00000000
13055009 55.1033796296296 5.9685030200614e-05 2.84658148061452e-07 1.00000000
13055010 55.1195023148148 5.9516192200995e-05 2.87697320799606e-07 1.00000000
13055011 55.1361574074074 5.83503780647801e-05 2.89110009529166e-07 1.00000000
13055014 55.1678125 5.86542201611722e-05 7.56066960079568e-07 1.00000000
13055015 55.1768865740741 0.00375992907281154 2.11814904470798e-05 1.00000000
13055016 55.1920601851852 5.86039242878877e-05 3.04740752864594e-07 1.00000000
13055017 55.2088194444444 5.82635544248515e-05 3.07442947678232e-07 1.00000000
13055018 55.2256018518518 5.78838952662335e-05 3.11032961457125e-07 1.00000000
13055019 55.2418981481481 5.82667459841909e-05 3.13552197378739e-07 1.00000000
13055020 55.2584259259259 5.78265792815912e-05 3.14637741428548e-07 1.00000000
13055021 55.2746875 5.75970765438897e-05 3.16563483997401e-07 1.00000000
13055022 55.2911342592593 5.74588896655795e-05 3.18754650323349e-07 1.00000000
13055023 55.3075462962963 5.75291031332673e-05 7.68126059246002e-07 1.00000000
13055024 55.3117708333333 5.56084609176864e-05 7.77206309399175e-07 1.00000000
13055034 55.409837962963 5.78991963979799e-05 2.64886387891177e-07 1.00000000
13055035 55.4258101851852 5.79566515071036e-05 2.5579769365449e-07 1.00000000
13055036 55.4448842592593 5.81399007856424e-05 2.7077958606608e-07 1.00000000
13055037 55.4638888888889 5.81863926550696e-05 2.83723217827921e-07 1.00000000
13055038 55.4823263888889 5.703059799447e-05 2.89666352485268e-07 1.00000000
13055039 55.5007407407407 5.69601838705506e-05 4.96626695907974e-07 1.00000000
13055068 55.639375 5.84503632472287e-05 2.30667673923031e-07 1.00000000
13055069 55.6577777777778 5.86030904893277e-05 2.35289973985693e-07 1.00000000
13055070 55.676099537037 5.89156348473789e-05 5.43476023508265e-07 1.00000000
13055071 55.6845717592593 5.82774363307859e-05 2.39136426933845e-07 1.00000000
13055072 55.7048032407407 5.90809210453531e-05 1.02302535077703e-06 1.00000000
13055073 55.7104282407407 5.83599401577395e-05 2.46787096171169e-07 1.00000000
13055075 55.7422453703704 5.80626707687289e-05 2.51294481874338e-07 1.00000000
13055076 55.7613310185185 5.79029759301781e-05 3.01601991178998e-07 1.00000000
13055080 55.8021527777778 5.79662233204443e-05 2.61263279279699e-07 1.00000000
13055081 55.8220486111111 5.78115667027118e-05 2.66487140274753e-07 1.00000000
13055082 55.8419907407407 5.7663416897354e-05 4.06129075597636e-07 1.00000000
13055086 55.8700925925926 5.7607591309483e-05 7.5309902622336e-07 1.00000000
13055087 55.8815509259259 5.77570630979568e-05 2.75519693632545e-07 1.00000000
13055088 55.9010185185185 5.79368711080228e-05 2.79427334659043e-07 1.00000000
13055089 55.920625 5.75249485489084e-05 2.56836236981398e-07 1.00000000
13055090 55.9434837962963 5.77624949048556e-05 4.44445557872595e-07 1.00000000
13056004 56.033275462963 5.65298628348363e-05 5.81346169441193e-07 1.00000000
13056005 56.0721759259259 5.64909639173539e-05 2.85799655381856e-07 1.00000000
13056007 56.0906018518519 5.71695547281506e-05 3.89546854660592e-07 1.00000000
13056008 56.1018055555556 5.73199941756367e-05 3.34327197460068e-07 1.00000000
13056011 56.1215509259259 5.6569745866028e-05 2.87965337589043e-07 1.00000000
13056012 56.1398611111111 5.72355416828004e-05 4.87861734074299e-07 1.00000000
13056017 56.2135069444444 5.85158722351818e-05 2.30843485840262e-07 1.00000000
13056020 56.2377199074074 5.80493027194958e-05 2.48003333286517e-07 1.00000000
13056021 56.2564583333333 5.76857857243049e-05 2.6387139385761e-07 1.00000000
13056022 56.2753935185185 5.73216962947769e-05 2.74459772948964e-07 1.00000000
13056023 56.2933680555556 5.71471698813813e-05 2.82039443627965e-07 1.00000000
13056024 56.3116319444444 5.7063232738843e-05 2.91324070671239e-07 1.00000000
13056025 56.3297916666667 5.66901017953607e-05 6.71681816108112e-07 1.00000000
13056026 56.3379282407407 5.69887305703017e-05 5.67773919373435e-07 1.00000000
13056027 56.3461805555556 5.68361877669647e-05 3.03906460402659e-07 1.00000000
13056028 56.3652430555556 5.61933953841239e-05 3.15490283506732e-07 1.00000000
13056029 56.3840856481482 5.56971738918727e-05 3.18656327077615e-07 1.00000000
13056030 56.4025115740741 5.66776497872696e-05 3.27066647535688e-07 1.00000000
13056031 56.4210532407407 5.60994249354524e-05 3.3134878022542e-07 1.00000000
13056032 56.4400925925926 5.55005657867824e-05 7.6552194083327e-07 1.00000000
13056033 56.4452083333333 5.63355700071429e-05 3.39244402118349e-07 1.00000000
13056034 56.464525462963 5.49759291788614e-05 1.26486581948195e-06 1.00000000
13056035 56.4745486111111 5.58705178001765e-05 3.5123119655604e-07 1.00000000
13056037 56.4950231481481 5.5450282706268e-05 3.56703398332711e-07 1.00000000
13056038 56.5140162037037 5.60979702478345e-05 3.62380119686056e-07 1.00000000
13056039 56.533912037037 5.64744782639331e-05 4.1125876298563e-07 1.00000000
13057005 57.0772106481481 5.79981770691611e-05 2.23308041144497e-07 1.00000000
13057006 57.0954050925926 5.81833616531225e-05 2.62111523559382e-07 1.00000000
13057007 57.1107175925926 5.82446752106989e-05 2.27180809461816e-07 1.00000000
13057008 57.1301967592593 5.80096262478423e-05 2.30027295956264e-07 1.00000000
13057009 57.149537037037 5.76645562280126e-05 2.33103653562099e-07 1.00000000
13057010 57.168912037037 5.77159347229553e-05 2.37839828604597e-07 1.00000000
13057011 57.1880208333333 5.75476610944891e-05 5.31128478465963e-07 1.00000000
13057014 57.2029282407407 5.71895156349233e-05 2.45033406204186e-07 1.00000000
13057015 57.2221180555556 5.7096611959432e-05 2.47252495370335e-07 1.00000000
13057016 57.2485185185185 5.69300835077015e-05 2.49825653014324e-07 1.00000000
13057017 57.2680787037037 5.67232849076082e-05 2.48870253869583e-07 1.00000000
13057018 57.288912037037 5.68755313767807e-05 2.47273210541277e-07 1.00000000
13057019 57.3103472222222 5.66665145444503e-05 3.43973717245751e-07 1.00000000
13057021 57.3260532407407 5.67744716565247e-05 2.4582756043649e-07 1.00000000
13057022 57.3479513888889 5.6680853987166e-05 2.44967952811453e-07 1.00000000
13057023 57.3709027777778 5.64076614632269e-05 2.4275778922183e-07 1.00000000
13057024 57.3959953703704 5.65181398953316e-05 2.43104955877977e-07 1.00000000
13057025 57.4198611111111 5.59378756801166e-05 2.40054538235402e-07 1.00000000
13057026 57.444375 5.59697162217473e-05 2.38898870339122e-07 1.00000000
13057027 57.4718865740741 5.57851703957424e-05 4.64090557955145e-07 1.00000000
13057038 57.671087962963 7.18527813118665e-05 1.01591562664624e-05 1.00000000
13057039 57.6739930555556 5.32555908546775e-05 7.31374716568603e-06 1.00000000
13057042 57.6781481481482 5.67697717138553e-05 2.4277195920627e-07 1.00000000
13057044 57.714837962963 5.66497090054649e-05 2.42362722904524e-07 1.00000000
13057045 57.7340162037037 5.64611849395411e-05 2.44368005095996e-07 1.00000000
13057046 57.7531597222222 5.6013432444689e-05 2.46542600157442e-07 1.00000000
13057047 57.7724537037037 5.60806499919629e-05 2.9003616534373e-07 1.00000000
13057048 57.7901157407407 5.57916108230709e-05 2.89624131735147e-07 1.00000000
13057049 57.8069444444444 5.60068317858386e-05 2.55147246919569e-07 1.00000000
13057050 57.8271875 5.60617319165586e-05 2.5924900987981e-07 1.00000000
13057051 57.8466319444444 5.57750574138329e-05 2.61286513756487e-07 1.00000000
13057052 57.8663773148148 5.57867871768069e-05 2.63096909812813e-07 1.00000000
13057053 57.8856944444444 5.56733332351788e-05 2.53247247699011e-07 1.00000000
13057055 57.9127893518518 5.59283117900851e-05 2.73527052953209e-07 1.00000000
13057056 57.9328703703704 5.55012566319044e-05 2.74892549694553e-07 1.00000000
13057057 57.9527199074074 5.53117587510543e-05 2.76530391399793e-07 1.00000000
13057058 57.9720138888889 5.56957110505619e-05 3.99778345260761e-07 1.00000000
13058002 58.01125 5.58912390251278e-05 2.90266463664437e-07 1.00000000
13058003 58.0302777777778 5.60720964448339e-05 2.94350737317932e-07 1.00000000
13058008 58.228125 5.40541681867879e-05 2.03483587737102e-07 1.00000000
13058013 58.281712962963 5.1413390189937e-05 2.00382481983312e-07 1.00000000
13058014 58.3034837962963 5.16897231071258e-05 2.04843492590252e-07 1.00000000
13058015 58.3233564814815 5.1420163410787e-05 3.07924881729204e-07 1.00000000
13058016 58.3376041666667 5.12945543826393e-05 2.09001838925072e-07 1.00000000
13058017 58.3576388888889 5.10211851986145e-05 2.1056187014025e-07 1.00000000
13058018 58.377974537037 5.10173111963405e-05 2.128922115563e-07 1.00000000
13058019 58.3988310185185 5.10909592427705e-05 2.14465614867119e-07 1.00000000
13058020 58.4198611111111 5.10250130611034e-05 2.16775067980103e-07 1.00000000
13058022 58.4424652777778 5.04216797628942e-05 1.149784790068e-06 1.00000000
13058023 58.4453009259259 4.97533258646996e-05 2.48574065979179e-07 1.00000000
13058025 58.4660300925926 4.97760800996108e-05 2.24061008551899e-07 1.00000000
13058026 58.486724537037 4.97533938016271e-05 2.28821144493059e-07 1.00000000
13058028 58.5086921296296 4.98539557145032e-05 2.30134663012105e-07 1.00000000
13058029 58.5288888888889 5.00096755132113e-05 2.32110752801312e-07 1.00000000
13058030 58.5492939814815 5.04589987408957e-05 1.32737527108203e-06 1.00000000
13058031 58.5507175925926 5.00283731960238e-05 2.33855863209529e-07 1.00000000
13058032 58.5715393518518 5.01694542950857e-05 3.41264453643456e-07 1.00000000
13058047 58.9937962962963 6.11441665864326e-05 9.21523434536916e-06 1.00000000
13058048 58.9955555555556 6.16736241446767e-05 7.89520418724264e-06 1.00000000
13059003 59.0320601851852 5.55898273911025e-05 1.10712591665855e-06 1.00000000
13059004 59.0350810185185 5.59174479903291e-05 5.07655378169142e-07 1.00000000
13059005 59.0435648148148 5.53324335791837e-05 2.52460481522664e-07 1.00000000
13059006 59.0605092592593 5.52578461950725e-05 2.52120157786356e-07 1.00000000
13059007 59.078599537037 5.51773715167227e-05 2.55285119413395e-07 1.00000000
13059008 59.0961342592593 5.53881157564585e-05 2.91157694473491e-07 1.00000000
13059009 59.1135416666667 5.46806216533287e-05 2.59864654440618e-07 1.00000000
13059010 59.1316666666667 5.48114552235232e-05 2.59908804616154e-07 1.00000000
13059011 59.1509259259259 5.44361931461483e-05 2.58667993389993e-07 1.00000000
13059012 59.1702430555556 5.4437509816317e-05 2.6126516845756e-07 1.00000000
13059013 59.1889814814815 5.50752706627656e-05 2.62244063166508e-07 1.00000000
13059014 59.2081597222222 5.44167086454862e-05 2.64955128441193e-07 1.00000000
13059015 59.2272916666667 5.52028278281193e-05 3.82421347960289e-07 1.00000000
13059016 59.2407986111111 5.45923313913597e-05 2.7052031081481e-07 1.00000000
13059017 59.2599189814815 5.46069267045726e-05 2.73581753100248e-07 1.00000000
13059018 59.2796990740741 5.45200472710288e-05 2.77011764660875e-07 1.00000000
13059019 59.2992824074074 5.42025406179098e-05 1.12431956909164e-06 1.00000000
13059020 59.3017361111111 5.44282683493695e-05 2.77669613630106e-07 1.00000000
13059021 59.3209837962963 5.40916976131855e-05 2.77879530255551e-07 1.00000000
13059022 59.3400694444444 5.41304750085836e-05 2.80585462082285e-07 1.00000000
13059023 59.3597569444444 5.44557377196114e-05 7.55871906779691e-07 1.00000000
13059025 59.3686226851852 5.38463769602042e-05 2.87071915890997e-07 1.00000000
13059026 59.3878703703704 5.41656206309106e-05 2.88925830069685e-07 1.00000000
13059027 59.4073611111111 5.33152000460116e-05 4.73344230965521e-07 1.00000000
13059035 59.4855902777778 5.48429618703873e-05 4.71511382764353e-07 1.00000000
13059036 59.4904513888889 5.36660977823121e-05 1.57497017358e-06 1.00000000
13059037 59.4918402777778 5.47017521687277e-05 2.05906490354652e-07 1.00000000
13059038 59.5114699074074 5.47317256298446e-05 2.07448423216814e-07 1.00000000
13059039 59.532037037037 5.45808876059864e-05 5.59531056912516e-07 1.00000000
13059076 59.7579050925926 5.65494070916425e-05 2.18069755916121e-07 1.00000000
13059077 59.7780787037037 5.60777575821756e-05 1.9041175813936e-07 1.00000000
13059078 59.8059259259259 5.54027285145543e-05 1.91159114021129e-07 1.00000000
13059079 59.8325578703704 5.40799309707861e-05 2.22289315367944e-07 1.00000000
13059080 59.8527314814815 5.49883877471438e-05 2.643233106131e-07 1.00000000
13059082 59.8722453703704 5.43802701106183e-05 2.01970304724173e-07 1.00000000
13059083 59.8982523148148 5.43316115818197e-05 2.04359852649162e-07 1.00000000
13059084 59.924525462963 5.43201057481905e-05 6.15392452670447e-07 1.00000000
13059085 59.92875 5.44676348762552e-05 2.07848221368534e-07 1.00000000
13059086 59.9544444444444 5.42608150766526e-05 2.1979596634189e-07 1.00000000
13059087 59.9783101851852 5.35926552391936e-05 3.00567172757262e-07 1.00000000
13060001 60.009212962963 5.42341264186501e-05 2.21708940387252e-07 1.00000000
13060002 60.034375 5.43108235148639e-05 2.24743301157023e-07 1.00000000
13060003 60.0592939814815 5.443783728236e-05 3.41114470131677e-07 1.00000000
13060007 60.2014814814815 5.53373259810771e-05 3.49645720655092e-07 1.00000000
13060008 60.2115856481481 5.49631374545806e-05 2.3638152115145e-07 1.00000000
13060009 60.2294212962963 5.54243849975441e-05 2.37829061187931e-07 1.00000000
13060010 60.2478703703704 5.57425224610768e-05 9.84294338628777e-07 1.00000000
13060011 60.2507407407407 5.60660747380338e-05 2.36710829122919e-07 1.00000000
13060012 60.2712384259259 5.59262939315011e-05 2.67337742340131e-07 1.00000000
13061024 61.478275462963 5.58966461803138e-05 2.23081193797004e-07 1.00000000
13061025 61.4978819444444 5.58659100066216e-05 2.53364140405785e-07 1.00000000
13061026 61.5141203703704 5.48972686251512e-05 1.12102205999509e-06 1.00000000
13061029 61.5194675925926 5.53112347137991e-05 2.31217031458811e-07 1.00000000
13061030 61.5389930555556 5.41146928465021e-05 2.34873457392479e-07 1.00000000
13061031 61.5601388888889 5.43802486248274e-05 2.38036743509424e-07 1.00000000
13061035 61.5880555555556 5.39767495410263e-05 3.17908988685597e-07 1.00000000
13061053 61.8153703703704 5.53447148054622e-05 2.00081924360434e-07 1.00000000
13061054 61.8375925925926 5.47601198925674e-05 1.88064051988083e-07 1.00000000
13061055 61.8641203703704 5.48739650997667e-05 1.92923727256958e-07 1.00000000
13061056 61.892650462963 5.3486299802046e-05 2.20870467029455e-07 1.00000000
13061059 61.917650462963 5.0452065584447e-05 2.07423324299374e-07 1.00000000
13061060 61.9392708333333 5.05503918035456e-05 1.91434091135317e-07 1.00000000
13061061 61.9837731481481 5.41569419789754e-05 2.2322712476185e-07 1.00000000
13062001 62.0091435185185 5.36726960689804e-05 2.53039656415628e-07 1.00000000
13062002 62.0290277777778 5.29831695868699e-05 3.68168695847925e-07 1.00000000
13062004 62.0473032407407 5.35001442014452e-05 2.59235599507793e-07 1.00000000
13062005 62.0665740740741 5.33586438068751e-05 2.60019374721708e-07 1.00000000
13062006 62.0861111111111 5.35622254557518e-05 2.66994191157514e-07 1.00000000
13062007 62.1053356481481 5.42585930856801e-05 2.71160228712656e-07 1.00000000
13062013 62.3057407407407 5.22040797169582e-05 2.06367077316061e-07 1.00000000
13062014 62.3252893518519 5.20307904501005e-05 9.85200897887722e-07 1.00000000
13062025 62.3902893518519 5.34518343037203e-05 1.89656156989941e-07 1.00000000
13062026 62.4101041666667 5.29257054917843e-05 1.86089198994305e-07 1.00000000
13062027 62.4324189814815 5.29324048239515e-05 2.13796780741275e-07 1.00000000
13062028 62.4516550925926 5.33665086860973e-05 2.0902424615939e-07 1.00000000
13062029 62.4721412037037 5.25216304554837e-05 2.07517001573504e-07 1.00000000
13062031 62.4934953703704 5.24941687939636e-05 2.79545399639205e-07 1.00000000
13062045 62.5428819444444 5.31287189893686e-05 3.92086106090616e-07 1.00000000
13062046 62.5513310185185 5.29750106904781e-05 3.22536496225289e-07 1.00000000
13062049 62.5809375 5.28281471368068e-05 2.37323536533276e-07 1.00000000
13062050 62.6003125 5.26863681152851e-05 2.39553892781428e-07 1.00000000
13062052 62.6238773148148 5.09909198531467e-05 5.15362246250032e-07 1.00000000
13062059 62.6526388888889 5.24112376809642e-05 2.2380421798575e-07 1.00000000
13062060 62.6751851851852 5.20928406096343e-05 5.22432083180657e-07 1.00000000
13062061 62.6795601851852 5.25305951298752e-05 3.00535189531219e-07 1.00000000
13062062 62.6929282407407 5.20013444603419e-05 2.19489362696044e-07 1.00000000
13062063 62.7174074074074 5.19763719826952e-05 2.32337159839997e-07 1.00000000
13063006 63.1131597222222 5.68764172660186e-05 5.69860359051055e-07 1.00000000
13063009 63.1271412037037 5.92885147310029e-05 2.31723287369412e-07 1.00000000
13063010 63.1456712962963 6.11230271181637e-05 2.40173317533568e-07 1.00000000
13063011 63.1639699074074 6.08280203637922e-05 2.41425007332024e-07 1.00000000
13063012 63.182337962963 0.02161482399 0.000189474151615239 1.00000000
13063020 63.2075925925926 5.94393859332959e-05 6.74904535981321e-07 1.00000000
13063022 63.2152777777778 6.04695776363052e-05 2.49941420031312e-07 1.00000000
13063023 63.2338425925926 5.94573253010663e-05 2.50784736083088e-07 1.00000000
13063030 63.2764930555556 5.86303301044967e-05 2.53656191086415e-07 1.00000000
13063031 63.2958796296296 5.83927026744165e-05 2.56426620093337e-07 1.00000000
13063032 63.3136226851852 5.80803899412534e-05 2.60455704662149e-07 1.00000000
13063033 63.3317708333333 5.73799363643324e-05 1.64814760300295e-06 1.00000000
13063034 63.3362268518519 5.81081864860502e-05 2.27595773303799e-07 1.00000000
13063035 63.360625 5.89833658574024e-05 2.33973029608955e-07 1.00000000
13063036 63.384224537037 5.89290475822494e-05 2.14448506930492e-07 1.00000000
13063051 63.5432175925926 6.4007885978317e-05 2.37610134820413e-07 1.00000000
13063053 63.5670138888889 7.05905769679751e-05 2.32704320228175e-07 1.00000000
13063054 63.5904050925926 6.89292421757093e-05 2.45952578747029e-07 1.00000000
13063059 63.7352662037037 6.67086215369932e-05 2.23778930167381e-07 1.00000000
13063061 63.7641898148148 5.91028698512819e-05 2.04481329650607e-07 1.00000000
13063062 63.7898842592593 6.074401474673e-05 2.13409120855817e-07 1.00000000
13063063 63.8158680555556 6.20133697922463e-05 4.80319452412391e-07 1.00000000
13063065 63.8286111111111 6.95744819795335e-05 3.34349711475266e-07 1.00000000
13063067 63.8533217592593 6.97380096397047e-05 3.43950947713467e-07 1.00000000
13063068 63.8687152777778 7.11282271403331e-05 2.56066560191037e-07 1.00000000
13063071 63.8998148148148 7.34920108645478e-05 4.94734504605931e-07 1.00000000
13063072 63.9099189814815 6.92376233436788e-05 3.22062609606345e-07 1.00000000
13063073 63.9272569444444 7.03493032447952e-05 2.64733168757042e-07 1.00000000
13063074 63.9530787037037 7.16560918432746e-05 3.00617091355213e-07 1.00000000
13063076 63.9765740740741 6.81880022360813e-05 2.5432505484259e-07 1.00000000
13064001 64.0045833333333 6.69096837393905e-05 3.00966871564458e-07 1.00000000
13064002 64.025162037037 6.64967378176312e-05 2.45297149923156e-07 1.00000000
13064003 64.0565509259259 6.88132320197329e-05 3.2840884597757e-07 1.00000000
13064004 64.0752662037037 6.85856276318114e-05 3.32057185877555e-07 1.00000000
13064005 64.0948611111111 6.8018248675825e-05 5.3303649728671e-07 1.00000000
13064006 64.1056944444444 6.67179415539568e-05 8.48591752979341e-07 1.00000000
13064012 64.2054050925926 6.80320904488143e-05 3.28703793987922e-07 1.00000000
13064014 64.2214583333333 6.72428385411948e-05 2.37325269587417e-07 1.00000000
13064020 64.2631944444444 6.44687114608365e-05 2.51951583763805e-07 1.00000000
13064021 64.2822800925926 6.49934066765986e-05 2.58421346072979e-07 1.00000000
13064022 64.3005671296296 6.34541635057571e-05 2.72231562345397e-07 1.00000000
13064023 64.3190972222222 6.48802031833752e-05 2.71015584960607e-07 1.00000000
13064024 64.3378009259259 6.62327372604473e-05 2.25216635685782e-07 1.00000000
13064025 64.3648611111111 6.48537457027844e-05 2.43065703699386e-07 1.00000000
13064026 64.3890046296296 6.50008780649792e-05 3.02844403068445e-07 1.00000000
13064028 64.4306134259259 6.27716643148355e-05 2.84946120784195e-07 1.00000000
13064029 64.4503009259259 6.32069285729661e-05 2.34278805212132e-07 1.00000000
13064030 64.4785532407407 6.55210802438664e-05 2.99362570976537e-06 1.00000000
13064031 64.4792824074074 6.32893233780553e-05 2.51009771447802e-07 1.00000000
13064032 64.5052662037037 6.24040341014746e-05 3.12483417781292e-07 1.00000000
13064052 64.6147916666667 5.92057483367972e-05 6.84816880617877e-07 1.00000000
13064055 64.624537037037 5.80990054651333e-05 1.87579619118338e-07 1.00000000
13064056 64.6543055555556 5.62926316397555e-05 2.25155169670123e-07 1.00000000
13064057 64.6756597222222 5.61636639569419e-05 2.31900574128247e-07 1.00000000
13064059 64.7300231481481 5.5008921643606e-05 5.22224878219183e-07 1.00000000
13064061 64.7390277777778 5.75843742680401e-05 3.34123191187345e-07 1.00000000
13064064 64.7561921296296 5.19676107994464e-05 2.09371227585163e-07 1.00000000
13064065 64.7844444444444 5.04952722471643e-05 1.96052178844882e-07 1.00000000
13064066 64.8165740740741 5.04044268423309e-05 2.475595670607e-07 1.00000000
13064067 64.8398842592593 5.05608865382789e-05 1.0346333249096e-06 1.00000000
13064068 64.8436226851852 5.06711465020579e-05 2.96006385687088e-07 1.00000000
13064070 64.8635185185185 5.04505337223035e-05 2.26482782920847e-07 1.00000000
13064074 64.8950462962963 5.0586767990461e-05 2.41414900938882e-07 1.00000000
13064075 64.9209027777778 5.05951165748587e-05 2.16690372128477e-07 1.00000000
13065005 65.0997106481481 5.24233320121062e-05 1.97855336072808e-07 1.00000000
13065006 65.119537037037 5.29435938183142e-05 2.11968956858702e-07 1.00000000
13065007 65.1397453703704 5.21235504237978e-05 2.20520465573815e-07 1.00000000
13065008 65.1585300925926 5.20518914681489e-05 2.27268919926806e-07 1.00000000
13065009 65.1786111111111 5.19768148662744e-05 2.32000967016122e-07 1.00000000
13065013 65.2147916666667 5.20332881162508e-05 7.14578729098996e-07 1.00000000
13065014 65.2229513888889 5.17548968445795e-05 2.42773843357618e-07 1.00000000
13065015 65.2426041666667 5.16552929561887e-05 2.46463525447617e-07 1.00000000
13065016 65.2620717592593 5.15985804064165e-05 2.48350882281799e-07 1.00000000
13065017 65.2817708333333 5.20219600470114e-05 2.55098022356412e-07 1.00000000
13065018 65.3012152777778 5.13077109546959e-05 2.56259840833229e-07 1.00000000
13065019 65.3200231481481 5.16696890514338e-05 2.33623697036206e-07 1.00000000
13065020 65.3442361111111 5.12664754056748e-05 2.40931229441978e-07 1.00000000
13065021 65.366412037037 5.1485851056018e-05 2.45225581908416e-07 1.00000000
13065022 65.388275462963 5.13545421175039e-05 3.25463987844003e-07 1.00000000
13065046 65.6676851851852 5.2727893215296e-05 1.64804116139675e-07 1.00000000
13065047 65.6980555555556 5.22644695303224e-05 2.16303298576709e-07 1.00000000
13065048 65.7183564814815 5.25353519566836e-05 1.97394335347044e-07 1.00000000
13065049 65.7431944444444 5.19572986880058e-05 2.02112748846274e-07 1.00000000
13065050 65.7678472222222 5.22679727740762e-05 2.06805571019787e-07 1.00000000
13065051 65.8024884259259 5.20121684720022e-05 4.18436399540734e-07 1.00000000
13065052 65.8197337962963 5.13691437426687e-05 2.51525178678436e-07 1.00000000
13065053 65.8395601851852 5.10076789830075e-05 2.29507139501489e-07 1.00000000
13065055 65.8727199074074 5.07498766195882e-05 2.55891861825271e-07 1.00000000
13065056 65.8933217592593 5.03554343468742e-05 2.30902263824208e-07 1.00000000
13065058 65.9215740740741 5.0426460072695e-05 2.78303520346e-07 1.00000000
13065059 65.9405324074074 5.11988492429039e-05 2.75770209124925e-07 1.00000000
13065060 65.9608217592592 5.06810351441102e-05 2.27288597249545e-07 1.00000000
13066021 66.1260416666667 5.15808878759565e-05 2.62546640733718e-07 1.00000000
13066022 66.1446643518519 5.15978729917018e-05 2.69438257880565e-07 1.00000000
13066023 66.1630324074074 5.13453210781704e-05 2.75995199875283e-07 1.00000000
13066024 66.1809490740741 5.16334335449224e-05 2.83022922002193e-07 1.00000000
13066025 66.2012384259259 5.19584169988737e-05 2.87534364197917e-07 1.00000000
13066026 66.2199768518519 5.10746397793407e-05 2.89642920264875e-07 1.00000000
13066027 66.2380671296296 5.12365757165745e-05 2.92696500481202e-07 1.00000000
13066028 66.2565856481481 5.09815486411976e-05 2.95330551063317e-07 1.00000000
13066029 66.2756018518518 5.1116693445203e-05 2.9945850265731e-07 1.00000000
13066030 66.2945949074074 5.07248579177561e-05 3.00587081143909e-07 1.00000000
13066031 66.3135185185185 5.08306356442189e-05 3.03163094607152e-07 1.00000000
13066033 66.3335532407407 5.06560886300229e-05 3.0345825226537e-07 1.00000000
13066034 66.3529050925926 5.04433665297051e-05 2.96898036732818e-07 1.00000000
13066035 66.3726736111111 5.06897181156384e-05 2.92022580168509e-07 1.00000000
13066036 66.3941550925926 5.07165178746274e-05 5.02945163312861e-07 1.00000000
13066100 66.7947569444444 4.42450124065902e-05 2.74387443000535e-06 1.00000000
13066101 66.796712962963 4.73050971221881e-05 3.263896057466e-07 1.00000000
13066102 66.807662037037 4.87368300316673e-05 3.10405495654826e-07 1.00000000
13066104 66.8199074074074 5.01391726626471e-05 2.87121825468691e-07 1.00000000
13066105 66.8372106481481 5.22852080245426e-05 1.05586207172251e-06 1.00000000
13066109 66.857962962963 5.25351620140484e-05 1.96057063668683e-07 1.00000000
13066110 66.8921643518518 5.3009282907009e-05 1.87896795152304e-07 1.00000000
13067001 67.0007523148148 5.77562336113084e-05 1.96302218596519e-07 1.00000000
13067002 67.0213310185185 5.72801050531432e-05 1.88640666687475e-07 1.00000000
13067003 67.0436111111111 5.69089798415997e-05 1.99822607585937e-07 1.00000000
13067004 67.0656365740741 5.68935775941398e-05 2.06767785557666e-07 1.00000000
13067005 67.086712962963 5.67379727355313e-05 2.45402813274057e-07 1.00000000
13067006 67.1046759259259 5.66801985946502e-05 2.8343548041233e-07 1.00000000
13067007 67.1255324074074 5.65883267426766e-05 2.23792350598243e-07 1.00000000
13067008 67.1459143518519 5.64976453813017e-05 2.2900687852232e-07 1.00000000
13067009 67.1665509259259 5.65644123854646e-05 2.33406041105847e-07 1.00000000
13067010 67.186400462963 5.67311293064399e-05 2.3661343497978e-07 1.00000000
13067011 67.2063078703704 5.66069813764206e-05 2.39130925669318e-07 1.00000000
13067012 67.2266666666667 5.66144883322166e-05 2.88939037727562e-07 1.00000000
13067013 67.2444328703704 5.64934740499365e-05 2.50454893347891e-07 1.00000000
13067014 67.2643055555556 5.65135078895017e-05 2.65165135875029e-07 1.00000000
13067015 67.2823032407407 5.65935868631216e-05 2.67443643241398e-07 1.00000000
13067017 67.3016319444445 5.65347285246078e-05 3.8265379803132e-07 1.00000000
13068017 68.0834375 5.85875985238632e-05 2.22792228249815e-07 1.00000000
13068022 68.115162037037 5.84094905235085e-05 2.74985773120632e-07 1.00000000
13068023 68.1311226851852 5.77349937587423e-05 3.25073806168863e-07 1.00000000
13068027 68.2084375 5.30686755926066e-05 2.1535615973363e-07 1.00000000
13068028 68.2340393518518 5.4424777604269e-05 5.38106508105868e-07 1.00000000
13068029 68.2588657407407 5.35769221809617e-05 2.50426586981632e-07 1.00000000
13068034 68.3090162037037 5.39015137262067e-05 2.57479806094414e-07 1.00000000
13068036 68.3314699074074 5.41743482790642e-05 2.20674910009645e-07 1.00000000
13068037 68.3587152777778 5.43370731694972e-05 2.36950496222399e-07 1.00000000
13068057 68.5772453703704 5.74833950953411e-05 1.94230554973362e-07 1.00000000
13068058 68.5967361111111 5.66051368246044e-05 1.90428923368317e-07 1.00000000
13068059 68.6174189814815 5.72244077806824e-05 1.92251248871707e-07 1.00000000
13068060 68.6395138888889 6.0388685135872e-05 2.10310188938924e-07 1.00000000
13068084 68.8781712962963 6.63378798556443e-05 6.01759935649241e-07 1.00000000
13068085 68.8810532407407 6.49689020351678e-05 2.21949521203346e-07 1.00000000
13068086 68.8993287037037 6.50408896381041e-05 2.27643595529248e-07 1.00000000
13068087 68.9182986111111 6.4327372117798e-05 2.08797764826055e-07 1.00000000
13068088 68.9410416666667 6.40848376326297e-05 2.03178538369272e-07 1.00000000
13068090 68.9684606481481 6.34501864810564e-05 1.89994397852024e-07 1.00000000
13069001 69.0017592592593 6.33560212554228e-05 1.60590226552542e-07 1.00000000
13069002 69.0464351851852 6.27289114596624e-05 2.44877708003726e-07 1.00000000
13069003 69.0671527777778 6.27132490609662e-05 3.23370059366178e-07 1.00000000
13069004 69.0829166666667 6.25788385030639e-05 2.39093960736099e-07 1.00000000
13069005 69.1054976851852 6.23133349031347e-05 2.69028806460598e-07 1.00000000
13069006 69.1283101851852 6.24391471460352e-05 2.68614805613659e-07 1.00000000
13069007 69.1473958333333 6.23209416406637e-05 2.64205906779626e-07 1.00000000
13069008 69.1684143518519 6.18215643974112e-05 2.75793765975441e-07 1.00000000
13069013 69.2701851851852 6.47006161263898e-05 2.08088704478884e-07 1.00000000
13069014 69.2903935185185 6.4561801409753e-05 2.02889613207624e-07 1.00000000
13069016 69.3187384259259 6.44608593668161e-05 2.23416930068134e-07 1.00000000
13069017 69.3382291666667 6.37772070090456e-05 2.21849857626909e-07 1.00000000
13069018 69.3592013888889 6.38315886543609e-05 2.30016765924926e-07 1.00000000
13069020 69.3820486111111 6.36640532414768e-05 5.12321660527625e-07 1.00000000
13069021 69.3905439814815 6.32899102613445e-05 2.24055027448952e-07 1.00000000
13069022 69.4124537037037 6.29892792412146e-05 2.2401368581076e-07 1.00000000
13069023 69.4364467592593 6.37623301120291e-05 2.31304198621273e-07 1.00000000
13069024 69.4585185185185 6.42950673105239e-05 3.83526213874478e-07 1.00000000
13069026 69.4725462962963 6.32628957023832e-05 2.56329260100633e-07 1.00000000
13069027 69.4919675925926 6.16907759408363e-05 3.14636774743723e-07 1.00000000
13069029 69.5214583333333 6.13804654302768e-05 9.70601832914178e-07 1.00000000
13069030 69.5234837962963 6.21629537617491e-05 2.41309704429489e-07 1.00000000
13069031 69.5459606481482 6.21409847706235e-05 6.22199947936391e-07 1.00000000
13069035 69.5540393518519 6.19073974230159e-05 2.53194800384665e-07 1.00000000
13069036 69.5751388888889 6.2407804724387e-05 3.55261761643105e-07 1.00000000
13069066 69.7859259259259 6.59240276780438e-05 1.87683637343144e-07 1.00000000
13069067 69.8110300925926 6.50284127317366e-05 1.81745510050307e-07 1.00000000
13069068 69.8385416666667 6.50526524277271e-05 1.99382112384065e-07 1.00000000
13069069 69.8627199074074 6.54424980400696e-05 3.69383679039001e-07 1.00000000
13069073 69.8946412037037 6.47338826752348e-05 1.94469564255227e-07 1.00000000
13069074 69.9225 6.56710467222928e-05 1.83263996603772e-06 1.00000000
13070006 70.3053587962963 6.5516800963467e-05 3.33085680564336e-07 1.00000000
13070008 70.315775462963 6.46188130331621e-05 1.84414590246428e-07 1.00000000
13070010 70.3440393518519 6.55883220646531e-05 1.81640116149921e-07 1.00000000
13070011 70.3722685185185 6.4959884807834e-05 2.40360248145969e-07 1.00000000
13070012 70.3889814814815 6.4532561556488e-05 1.90487220750683e-07 1.00000000
13070014 70.4188657407407 6.52836749555128e-05 4.71313084051745e-07 1.00000000
13070015 70.4240162037037 6.41795792853968e-05 1.12110092861277e-06 1.00000000
13070016 70.4349189814815 6.47935956093978e-05 2.28197077815544e-07 1.00000000
13070017 70.4555555555556 6.55823129655367e-05 2.29684881234965e-07 1.00000000
13070018 70.4767824074074 6.53750830751405e-05 4.35066208477467e-07 1.00000000
13070019 70.4840972222222 6.55337910539554e-05 1.13339883325423e-06 1.00000000
13070020 70.4861689814815 6.5007922904539e-05 2.38138893170432e-07 1.00000000
13070021 70.5069097222222 6.49389182803788e-05 5.56133881014161e-07 1.00000000
13070022 70.511412037037 6.4956036469395e-05 2.34776961254887e-07 1.00000000
13070024 70.5438657407407 6.35438560309965e-05 5.80175792172546e-07 1.00000000
13070025 70.5484027777778 6.34120210419051e-05 2.436073181127e-07 1.00000000
13070026 70.5688888888889 6.32673008081695e-05 2.54286776232699e-07 1.00000000
13070027 70.5889351851852 6.36873283232776e-05 2.70475267815851e-07 1.00000000
13070030 70.6127893518519 6.33845657905349e-05 1.44274958734592e-06 1.00000000
13070056 70.8806828703704 0.000157172030273658 3.18674268009044e-07 1.00000000
13070057 70.9048148148148 0.000156472109334877 3.35195559114098e-07 1.00000000
13070058 70.9274652777778 0.000155933753781056 3.3129400624281e-07 1.00000000
13070059 70.9514467592593 0.000156074859839379 6.26136936055822e-07 1.00000000
13070060 70.9628703703704 0.000155130010858994 5.87214123876095e-07 1.00000000
13070061 70.9783217592593 0.000156592274568467 1.26715861885963e-06 1.00000000
13071003 71.0089583333333 0.000146482728297946 3.71744391323513e-07 1.00000000
13071004 71.0290972222222 0.000146617043310642 3.96427231672656e-07 1.00000000
13071005 71.0469328703704 0.000144355731667299 3.94738373328546e-07 1.00000000
13071006 71.0648148148148 0.000143127468089372 7.58615549177313e-07 1.00000000
13071008 71.0767476851852 0.000132116591380995 5.95140861092184e-07 1.00000000
13071009 71.0923958333333 5.47836632028526e-05 4.11454245717468e-07 1.00000000
13071010 71.1020833333333 5.40861940990227e-05 2.40160836018522e-07 1.00000000
13071011 71.122025462963 5.38095764988344e-05 2.39782774861806e-07 1.00000000
13071012 71.1415625 5.33397023851186e-05 2.2799549780552e-07 1.00000000
13071028 71.5106018518518 5.4129903544235e-05 2.04425704425632e-07 1.00000000
13071029 71.5302430555556 5.39784052868793e-05 2.16944651744014e-07 1.00000000
13071031 71.5509490740741 5.47899533431609e-05 2.05426523248507e-07 1.00000000
13071032 71.5721875 5.59836311523558e-05 2.05904104114164e-07 1.00000000
13071033 71.5940856481482 5.57014392567809e-05 2.17182041463694e-07 1.00000000
13071034 71.6141666666667 5.4710354108651e-05 4.31157547438129e-06 1.00000000
13071037 71.6301041666667 5.50623684334069e-05 2.59847375685942e-06 1.00000000
13071038 71.6313888888889 5.41061109489299e-05 4.07193413409895e-07 1.00000000
13071040 71.6410069444444 5.45928883822314e-05 1.15448535556175e-06 1.00000000
13071041 71.6437268518518 5.4413821986899e-05 1.84393529797796e-07 1.00000000
13071042 71.6728587962963 5.25411556323321e-05 2.64359634600786e-07 1.00000000
13071043 71.6873611111111 5.23801915843921e-05 2.19575712370804e-07 1.00000000
13071045 71.7150578703704 5.23835188438045e-05 2.11547062806628e-07 1.00000000
13071046 71.7377083333333 5.19331615922678e-05 3.25855575847211e-07 1.00000000
13071048 71.7512731481481 5.27741013302217e-05 3.02811725859422e-07 1.00000000
13071050 71.7720949074074 5.20090166303517e-05 2.1058151515054e-07 1.00000000
13071051 71.7973263888889 5.15212651534536e-05 4.22195293899673e-07 1.00000000
13071055 71.8127083333333 5.21152146582016e-05 2.42164858204064e-07 1.00000000
13071064 71.9415856481481 5.32680661361441e-05 1.95553288867177e-07 1.00000000
13072001 71.9609837962963 5.37824685440458e-05 2.05764773279979e-07 1.00000000
13072002 71.9798032407407 5.34387758564836e-05 2.01023025818192e-07 1.00000000
13072003 71.9997453703704 5.3018116076939e-05 1.9595942539133e-07 1.00000000
13072004 72.0211689814815 5.34027906581815e-05 2.48901280746565e-07 1.00000000
13072005 72.0349421296296 5.29467263341423e-05 2.04175710739982e-07 1.00000000
13072006 72.0557060185185 5.29846370687564e-05 4.4302161258337e-07 1.00000000
13072007 72.0640740740741 5.2954056901894e-05 2.12002341478928e-07 1.00000000
13072008 72.0856134259259 5.31181238204464e-05 2.01208346137675e-07 1.00000000
13072009 72.1084027777778 5.26157576836771e-05 2.20416011591988e-07 1.00000000
13072010 72.1293287037037 5.27599398245394e-05 2.34239641472981e-07 1.00000000
13072011 72.1470138888889 5.2213689899789e-05 2.26001963963358e-07 1.00000000
13072014 72.1739236111111 5.25410755013396e-05 3.04293024609636e-07 1.00000000
13072015 72.1884837962963 5.21775220473699e-05 2.83281747149823e-07 1.00000000
13072016 72.2023726851852 5.20259761264325e-05 1.94415634354067e-07 1.00000000
13072017 72.2291203703704 5.15684271444408e-05 2.32951628991099e-07 1.00000000
13072018 72.2482175925926 5.1793796422331e-05 2.37667609325841e-07 1.00000000
13072019 72.2671759259259 5.20128072615502e-05 3.40322367718128e-07 1.00000000
13072020 72.2777199074074 5.20474690366922e-05 3.05010631027621e-07 1.00000000
