13041002 41.2118634259259 0.00129477827333362 3.42529519944922e-06 4.11905003
13041009 41.2993287037037 0.00138655783083819 2.26041077864617e-06 4.27713013
13041010 41.3140393518519 0.00137535369635829 3.521239113059e-06 3.98696995
13041082 41.7666319444444 0.00129790769695542 2.65137880525616e-06 5.28501987
13041101 41.8104861111111 0.00130698066827187 1.799067174246e-06 5.11043024
13041102 41.8277662037037 0.0013110457673102 1.80151361367412e-06 5.07441998
13041108 41.8582060185185 0.00130177985420934 1.97720724036877e-06 4.75488043
13041109 41.8818287037037 0.00129881821373731 1.85835204605733e-06 4.50515032
13041110 41.9000347222222 0.00129900694242601 1.91766058955906e-06 4.13088036
13041115 41.9295138888889 0.00128833466525539 1.91576665984645e-06 4.04885006
13041116 41.9480439814815 0.00129050857482053 1.94597567675751e-06 3.87620997
13041119 41.9763773148148 0.00128755123194977 2.00493718254332e-06 3.63090014
13042001 42.0006018518519 0.00128720785481041 2.00448005124774e-06 3.56096005
13042002 42.0195717592593 0.00128941271877875 2.12523584359451e-06 3.44084024
13042003 42.0381712962963 0.00128874800134628 2.24961352116922e-06 3.52676988
13042006 42.2619212962963 0.00127193529176814 1.9143320166364e-06 4.43533993
13042007 42.2790046296296 0.00128252710005014 1.94445928560291e-06 4.23566008
13042008 42.295462962963 0.00128317933026976 1.96719610257636e-06 4.10279989
13042013 42.3236805555556 0.00128843153335241 1.96474702665228e-06 3.79587007
13042015 42.3412962962963 0.00128709110788169 1.95202933801458e-06 3.81926990
13042016 42.359224537037 0.00128796216764005 2.03535262765104e-06 3.66729999
13042017 42.3832986111111 0.00128558982588159 2.06263909084154e-06 3.50649023
13042018 42.4010300925926 0.00128514279056828 2.06412493084008e-06 3.49336004
13042019 42.4187268518519 0.00128335816071623 2.06976324117012e-06 3.44395995
13042020 42.4378587962963 0.00129088882869332 8.36893089542833e-06 3.33840013
13042023 42.4656018518519 0.00127908823437925 2.56222068517774e-06 3.24935007
13042024 42.5167592592593 0.00126344873941174 2.13550907961996e-06 3.05123019
13042025 42.5345023148148 0.00128166806308345 2.17701932398967e-06 2.99468017
13042026 42.5521064814815 0.00127328095474993 2.18893539814001e-06 2.92474008
13042027 42.5697916666667 0.00127025020276382 2.18446374048631e-06 2.90601993
13042046 42.8201157407407 0.00129720663883852 1.42532107866275e-06 9.70593071
13042047 42.8361111111111 0.00130455738609547 1.4317426245827e-06 9.12209988
13042048 42.8532175925926 0.00130416795100656 1.25491127254872e-06 8.50953960
13042049 42.8759027777778 0.00130049470215066 1.47843285254322e-06 7.90023041
13042050 42.8932986111111 0.00130044263742447 2.10289789414145e-06 7.64881039
13043005 43.2440972222222 0.00129084045501849 1.46679974286944e-06 9.06879997
13043006 43.2601157407407 0.00129026048760839 1.5252395951678e-06 8.03114033
13043011 43.2925694444444 0.00129228772671132 1.58946412798247e-06 6.76273012
13043012 43.3093171296296 0.00129146015337955 1.62022561328437e-06 6.29473019
13043013 43.3267824074074 0.00129184679674021 1.66013878362224e-06 5.85806036
13043017 43.3515509259259 0.00128721770854203 2.14133144452253e-06 5.43816042
13043023 43.411087962963 0.00127583170462588 1.89002527550223e-06 4.63216019
13043030 43.4680787037037 0.00127474736671428 1.85711451827458e-06 4.13971996
13043031 43.4885648148148 0.00118141173099795 4.57471390455544e-06 4.02844000
13043032 43.498900462963 0.00117494280431922 1.81935829652758e-06 3.86216998
13043035 43.53 0.00114017148837043 1.80171111962168e-06 3.75414014
13043044 43.6758912037037 0.00115289635884314 1.31169576736243e-06 9.63403988
13043047 43.7145833333333 0.00115555985374902 1.34566856289578e-06 8.30908012
13043048 43.7324189814815 0.0011596019536644 1.36255016753379e-06 7.96367025
13043049 43.7505787037037 0.00115252359658723 1.3751752235768e-06 7.57419014
13043050 43.7695023148148 0.00115726603189272 1.39420305871232e-06 7.26934004
13043051 43.7884259259259 0.00114879401088697 8.15517288169375e-06 6.96475029
13043052 43.7995717592593 0.00114856888482444 1.44153734032212e-06 6.45528030
13043053 43.8185300925926 0.00115072069661661 1.46274921843834e-06 6.19970036
13043054 43.8379282407407 0.00114772805632051 1.48320990180767e-06 5.87041044
13043055 43.8577199074074 0.00114682804306126 1.53487194436874e-06 5.31674004
13043056 43.8779513888889 0.00114437359988965 1.58586283033681e-06 4.82885027
13043057 43.8980787037037 0.00115245989235291 1.69132652854821e-06 4.29689026
13043058 43.9279861111111 0.00114297351415085 1.55577962553391e-06 5.09665012
13043059 43.9476388888889 0.00115057279494602 1.59554904782437e-06 4.84107018
13043060 43.9673726851852 0.00115341605247516 2.84540415934988e-06 4.69169998
13043063 43.9899421296296 0.00115965048154626 7.30382657107959e-06 4.58328009
13044017 44.2143981481481 0.00115142850254889 1.38593018461506e-06 7.69808006
13044018 44.2323148148148 0.00115493102740398 1.40741975073658e-06 7.32771063
13044019 44.250462962963 0.00115189342957482 1.43002242911688e-06 6.94836998
13044020 44.2689814814815 0.00115287490050487 1.630670729989e-06 6.64456034
13044021 44.2916666666667 0.0011471448544477 1.47756552395917e-06 6.24299002
13044022 44.3106018518519 0.00114768349978317 1.47841470691584e-06 6.18631029
13044023 44.3294791666667 0.00114839092170235 1.50582441783946e-06 5.87521982
13044024 44.3484490740741 0.00114874781283366 1.52747884819919e-06 5.61145020
13044025 44.3705671296296 0.00114340826567842 1.53564268110879e-06 5.40786982
13044026 44.3907291666667 0.00114628829016118 2.40196687683625e-06 5.24056005
13044029 44.4212847222222 0.00114341607205311 1.91831973749327e-06 4.92050028
13044030 44.4377662037037 0.00114155075019005 1.59525026549486e-06 4.86160994
13044031 44.4573842592593 0.00114205732217279 2.02938334317358e-06 4.76723003
13044034 44.4788310185185 0.00115203469162578 3.59934324611549e-06 4.57651997
13044118 44.896875 0.00115869573521355 5.89337827501779e-05 9.44138050
13044119 44.8989699074074 0.00115829902478708 3.06327610875328e-06 9.30865002
13044121 44.9038888888889 0.00116557837070341 3.01924208204585e-06 9.10636997
13044122 44.9093518518519 0.00116678055647011 1.28009646475909e-06 8.82830048
13044123 44.9283333333333 0.00116957757790784 1.40374299700276e-06 8.25981045
13044124 44.9458680555556 0.0011673763443978 1.41122208313825e-06 7.92401981
13044125 44.9660185185185 0.00116723908928622 1.5613807668566e-06 7.41468048
13044126 44.9884027777778 0.00116118742814886 1.61110578272578e-06 7.10957003
13045001 45.0033796296296 0.00116219027857896 1.62250549941695e-06 6.99738026
13045003 45.0184143518519 0.00115369046050509 5.10380119349481e-06 6.76363993
13045005 45.0433101851852 0.00115849837878098 1.38544356296105e-06 6.17188025
13045006 45.0693981481481 0.00115299829636292 1.85320460721391e-06 5.83375025
13045007 45.096400462963 0.00115823529814043 1.42412009669598e-06 5.67281055
13045012 45.1260300925926 0.00115425869591836 1.82077237507685e-06 5.51161051
13045029 45.1685532407407 0.00115032090565004 1.63625445566776e-06 5.00422001
13045056 45.4773842592593 0.00116294698673055 1.184915775729e-06 10.78987026
13045133 45.8602893518519 0.00116692774631334 1.21154816132019e-06 11.21757030
13045134 45.8778356481481 0.00116658990112558 1.21897991760372e-06 10.46409035
13045135 45.8971643518518 0.00116726761838377 1.54903517214804e-06 9.74532032
13045138 45.9129050925926 0.00116482547989622 1.24214071853975e-06 9.54785061
13045145 45.9555439814815 0.00115398334946571 1.26929693828977e-06 8.53293991
13045146 45.9744212962963 0.00115771592932572 3.32195567952824e-06 8.29907036
13045164 45.9979513888889 0.00115620525036658 1.29133262311917e-06 8.06702042
13046001 46.0181365740741 0.00115921623109634 1.31363527655337e-06 7.85798025
13046002 46.0372800925926 0.00115406827222698 5.09156791412868e-06 7.57458019
13046003 46.0480324074074 0.00115630511923975 1.44190679967796e-06 7.48332024
13046004 46.0645833333333 0.00115350355126065 1.51501319401324e-06 7.35852003
13046008 46.1530439814815 0.00116970065831598 2.82649272186013e-06 14.86316013
13046010 46.1591550925926 0.00116045063805154 3.10190753804811e-06 14.08667088
13046011 46.1637615740741 0.00115814143911595 1.22509505385805e-06 13.80313969
13046012 46.1791435185185 0.00117570436352396 1.11159100160461e-06 12.24833965
13046013 46.1979166666667 0.00117534633469072 1.1000206326104e-06 11.73367119
13046014 46.219224537037 0.00117450009096367 1.80876936983471e-06 10.95445061
13046015 46.2290162037037 0.00117137432653379 1.57671116941278e-06 10.66611004
13046017 46.2453472222222 0.00117056855144929 1.11845110776924e-06 10.33357048
13046028 46.2887615740741 0.00116033412531956 1.24365515772889e-06 9.36936092
13046029 46.3071064814815 0.00115646527083083 1.68790712209984e-06 9.18788052
13046118 46.9664814814815 0.00117252065358808 2.37394447437074e-06 11.68427086
13046119 46.9764699074074 0.00117126291733715 2.15140481492743e-06 11.20912075
13046120 46.986087962963 0.00117539292747498 1.909251873217e-06 10.85435009
13046121 46.9947337962963 0.00117229627960915 1.84098551094571e-06 10.56666088
13047002 47.0056828703704 0.00116768747565126 1.39450473423077e-06 10.57797050
13047003 47.0201157407407 0.00116584283235116 2.12148931318316e-06 10.11816025
13047004 47.0278240740741 0.00115403589456756 2.21788459334166e-06 7.91297007
13047014 47.1780092592593 0.00114367176283547 6.55623527173335e-06 17.73356056
13047018 47.1865972222222 0.00116431894989663 3.73845591599372e-06 16.15822029
13047022 47.1994560185185 0.00119035556287121 3.26968770876217e-06 14.77801037
13047023 47.2051041666667 0.0011920943327118 1.08579885635265e-06 14.38072968
13047024 47.2230671296296 0.00119142544312814 2.14122390290255e-06 13.42705059
13047026 47.2356828703704 0.00119511164588997 1.34942862399913e-06 12.95541096
13047027 47.2485763888889 0.00118529860086218 1.4915947519474e-06 12.53277969
13047028 47.2760069444444 0.00118900516396627 1.63897588923234e-06 11.71417046
13047029 47.2907407407407 0.00117958300173066 1.46296546173093e-06 11.38787079
13047030 47.3031134259259 0.00118604838619606 1.47380380699174e-06 10.88294983
13047031 47.3157523148148 0.00118351035627393 1.4061431939262e-06 10.57485008
13047032 47.3301273148148 0.00117206087175476 1.40056972804481e-06 10.29586983
13047033 47.3445138888889 0.00117076734425529 4.39855411748776e-06 10.06902027
13047034 47.3470023148148 0.00116770058269144 1.41327938423575e-06 10.03366089
13047035 47.3674537037037 0.00117015715603349 1.26018460187633e-06 9.61909008
13047036 47.3855671296296 0.00116467483505744 1.47564462249868e-06 9.34973049
13047037 47.3993055555556 0.001167195479084 1.30929970627015e-06 9.17150021
13047039 47.4234027777778 0.00115926543801183 1.29676648804909e-06 8.67294979
13047040 47.4419097222222 0.00115048575865146 1.49970979155654e-06 8.35289001
13047041 47.455462962963 0.00115539250841491 6.08134931775383e-06 8.24876022
13047042 47.4574537037037 0.00115249345148401 4.40100397041945e-06 8.22601032
13047043 47.4596759259259 0.00115628520356159 5.84951340651205e-06 8.19272995
13047044 47.4615625 0.0011399832564999 9.50252188691786e-06 8.19637012
13047045 47.4627546296296 0.00115322514697344 5.12734518933953e-06 8.25656033
13047046 47.4652662037037 0.00114582797187269 8.17756269347161e-06 8.23328972
13047047 47.4669675925926 0.00115106262962706 3.77678876840581e-06 8.17596054
13047048 47.4703125 0.0011502506836668 5.18592656069939e-06 8.16971970
13047049 47.4724768518519 0.00114581272751358 4.63284213712725e-06 8.09809017
13047050 47.4749537037037 0.00114725352875198 6.25152134880415e-06 8.08470058
13047051 47.4774305555556 0.00115074075706545 3.57575769934028e-06 8.04856014
13047052 47.4805439814815 0.00115292831359845 3.44543311471474e-06 8.06793022
13047053 47.4851851851852 0.00113998169174767 4.95218694558904e-06 8.03699017
13047054 47.4875 0.0011468512060763 2.42519855655741e-06 8.02360058
13047055 47.4939351851852 0.0011411914611769 3.79751851224289e-06 7.97771025
13047122 47.9509259259259 0.00116101651503722 1.19532174820452e-06 15.87430000
13047123 47.9650578703704 0.00116980461533876 1.18995333304826e-06 14.91191101
13047124 47.9796759259259 0.00116839671069298 1.60064316164608e-06 14.08602047
13047126 47.9904513888889 0.00116660541282329 1.07836823149971e-06 13.51609993
13048007 48.0213310185185 0.00116326599383765 6.27787115479233e-06 12.45308971
13048009 48.0253009259259 0.00115388468840524 1.11452774562495e-06 12.37301064
13048010 48.045462962963 0.00115434658060143 2.72254644404572e-06 11.83845043
13048011 48.0577430555556 0.00115019868901539 1.16229886498709e-06 11.07132053
13048012 48.0761458333333 0.00115059971082835 1.17089846775837e-06 10.85656071
13048013 48.0948958333333 0.00114365852016864 1.2055214095427e-06 10.25804043
13048014 48.1134259259259 0.0011430624389228 1.20830125831114e-06 10.23646069
13048015 48.1330092592593 0.00114047846483892 1.22909869844569e-06 9.76235008
13048016 48.1515972222222 0.0011390376436018 1.24586443314704e-06 9.41434002
13048017 48.1707986111111 0.00113490531919649 2.38495943538105e-06 9.18970013
13048018 48.184212962963 0.00113411461841008 1.2965804463093e-06 8.58442020
13048019 48.2026851851852 0.000854503254994956 1.37816026910955e-06 8.47743034
13048022 48.2307638888889 0.00112512976449119 2.28685586466939e-06 4.74110031
13048030 48.3642824074074 0.00117098421172421 1.15712954521515e-06 17.14219093
13048031 48.3784027777778 0.00117174438992296 1.12263261653699e-06 15.61547089
13048032 48.3942361111111 0.00116661440054239 2.76396716655733e-06 14.42012119
13048040 48.4162847222222 0.00116168979786107 1.09330508767951e-06 13.47021008
13048041 48.4344907407407 0.00115951724548825 1.46063582377482e-06 12.74234009
13048042 48.445787037037 0.00115721243730346 1.1308877053596e-06 12.29761028
13048043 48.4633680555556 0.00115175165436033 1.49729619544183e-06 11.69480038
13048044 48.4745486111111 0.00114648261577963 3.04622985476256e-06 11.38631058
13048045 48.4782407407407 0.00115096133066788 2.43314090792111e-06 11.36681080
13048046 48.4931597222222 0.0011319795010473 6.26339452770068e-06 10.61736012
13048049 48.5048726851852 0.001144587970618 1.21444493390785e-06 10.51232052
13048050 48.522962962963 0.00114259574554068 1.23135200721759e-06 10.21852016
13048051 48.5409027777778 0.00114175963007766 1.17319292597525e-06 9.86323071
13048052 48.5608680555556 0.00114096966695267 1.2702026539557e-06 9.35506058
13048053 48.5789583333333 0.00113492809308629 1.27122687406924e-06 9.29578018
13048087 48.7585532407407 0.00115697771687137 9.96525930852513e-07 18.72142982
13048088 48.7761458333333 0.00116186572728737 1.04214786455842e-06 16.56954002
13048089 48.7936226851852 0.00116250807519355 1.06067588694496e-06 15.31595039
13048090 48.8122916666667 0.00116127667204978 1.0850409730009e-06 14.32703972
13048091 48.8344675925926 0.00115865051180028 1.11020602852721e-06 13.54795074
13048092 48.8530324074074 0.0011541389384549 1.15435860601839e-06 12.87364006
13048093 48.8787731481481 0.00115573224918557 2.42171556636093e-06 11.95882988
13049004 49.1253356481481 0.00112670499903036 1.78745242563157e-06 16.96734047
13049005 49.1318634259259 0.00112099761686799 2.59873566763846e-06 15.75937939
13049006 49.1360532407407 0.00113846023680257 9.59952479099337e-07 15.29996014
13049007 49.158912037037 0.00114195327878825 5.30108472993504e-06 13.47476006
13049031 49.2659143518519 0.00113206070222232 1.26051109351914e-06 9.66095066
13049032 49.2835185185185 0.00112857293496924 1.88684416160712e-06 9.41394997
13049035 49.2982523148148 0.00113063454715983 1.26924569840965e-06 9.24235058
13049039 49.3423148148148 0.00112104588145126 1.29774256578271e-06 8.55854988
13049041 49.3613541666667 0.00112081283192736 2.79731234829499e-06 8.15217018
13049042 49.3710300925926 0.0011227227284542 1.47314298120289e-06 7.96588039
13049044 49.387037037037 0.00112196240425224 1.56346406413334e-06 7.65166998
13049045 49.4041203703704 0.0011204120774284 1.38200750922751e-06 7.40258980
13049046 49.4225462962963 0.00111719292071781 1.37793185920229e-06 7.40441036
13049047 49.4409953703704 0.00111625081336651 1.39557333163596e-06 7.13973045
13049048 49.4596064814815 0.00111036755521508 1.52118441228312e-06 7.10437012
13049049 49.4753009259259 0.00111098654751422 1.57595183660426e-06 6.74063015
13049050 49.4942361111111 0.00111744689451435 4.1836031801713e-06 6.51651049
13049052 49.4990625 0.00111495395536305 7.36776989509088e-05 6.38221979
13049072 49.7058333333333 0.00116851376554275 9.70646089956178e-07 19.18474960
13049073 49.7244097222222 0.00120481277961757 1.0267293410394e-06 16.46163940
13049080 49.759537037037 0.00117908948689251 1.065613087415e-06 14.11722088
13049081 49.778599537037 0.00119067328427564 1.0992795022957e-06 13.42757034
13049082 49.7975462962963 0.00120127120511051 1.05303865584393e-06 12.69917965
13049086 49.8266087962963 0.00119497196039239 1.20488503615118e-06 11.60575008
13049087 49.8456712962963 0.00118452708782899 1.21315513614742e-06 11.25917053
13049088 49.8636689814815 0.00117640087868734 1.23631977230655e-06 10.74450016
13049089 49.8818634259259 0.00116733472283133 6.58462573695031e-06 10.49932003
13049093 49.894375 0.00115781960695812 1.21880308972793e-06 10.24946022
13049094 49.9144560185185 0.0011511070931708 1.231458188171e-06 9.91835022
13049096 49.9351273148148 0.00114857186510749 1.98670537620193e-06 9.59283066
13049098 49.9517824074074 0.00116376098162363 1.27766966157859e-06 9.21284008
13049099 49.9705787037037 0.00117963891117642 1.32210144106842e-06 8.89187050
13049101 49.9924884259259 0.001168959304963 1.33655366182207e-06 8.53671074
13050001 50.010775462963 0.00114466799951822 1.48786847803238e-06 8.41061020
13050006 50.1337962962963 0.00115076702516182 8.60876128278868e-07 19.86634064
13050007 50.1603125 0.00115439878929372 2.02168396888077e-06 15.55502129
13050009 50.1779166666667 0.00116637876550186 1.18651430740709e-06 14.37111092
13050011 50.1969097222222 0.00117517862059256 1.08280008242842e-06 13.48035049
13050012 50.2193981481481 0.00116735633312935 1.09647528780707e-06 12.82709980
13050015 50.2592939814815 0.00118446485123304 3.61996423832534e-06 11.72548008
13050016 50.2625925925926 0.00118228780902911 2.91306679061343e-06 11.56597042
13050020 50.2785185185185 0.00118239284945901 1.18823272477014e-06 10.83732033
13050022 50.298287037037 0.00117190170454044 1.19977089926586e-06 10.54001045
13050023 50.3170138888889 0.00116919286692773 1.21622675384367e-06 10.13896084
13050025 50.3370601851852 0.00115335810165045 2.22464217168957e-06 9.79381084
13050026 50.3436574074074 0.00114726420899428 1.75589189541709e-06 9.62390041
13050027 50.3533449074074 0.0581386188270089 0.000111646688376496 9.50222015
13050028 50.3604050925926 0.00117019609480119 1.57230012759145e-06 9.51457024
13050029 50.3724884259259 0.00114293580704211 1.31383429095913e-06 9.26432037
13050031 50.3928009259259 0.0011411880710923 2.41531601906943e-06 8.85663986
13050032 50.4052430555556 0.001132147239448 1.28492245130331e-06 8.60028076
13050033 50.4238657407407 0.00112681625191181 2.02622393776243e-06 8.29153061
13050036 50.4357060185185 0.00113004813148538 1.3100858001496e-06 8.18688011
13050037 50.4546643518518 0.00112594453305654 2.10307101480739e-06 7.99617004
13050038 50.4622685185185 0.00112790954630622 1.33338535232514e-06 7.84368038
13050039 50.48125 0.00111490240981686 1.71812672321291e-06 7.11139011
13050041 50.4948958333333 0.00113135078125849 1.59587495536732e-06 6.72178030
13050042 50.5095717592593 0.00113197992658464 1.46754156042071e-06 6.30603981
13050043 50.5285763888889 0.00111120802556906 1.61777898490591e-06 5.86872005
13050044 50.5450578703704 0.00109653064052471 1.90771717328644e-06 5.60703039
13050046 50.5750462962963 0.00108928642605138 1.56593237316384e-06 4.99823999
13050047 50.5940740740741 0.00108201321816646 1.60983794959419e-06 4.69066000
13050049 50.6138541666667 0.00107360415114835 1.54844206181538e-06 4.31795025
13050050 50.6361689814815 0.00108258407454805 4.27718146305048e-06 3.98944020
13051006 51.1352662037037 0.0011565718987897 9.0540847757894e-07 18.01124001
13051007 51.1566898148148 0.00117520516290786 9.49897758301165e-07 15.20012093
13051008 51.1793287037037 0.00118102864672713 1.09117126037494e-06 13.53637981
13051009 51.1983101851852 0.00118198202816923 1.10955012007803e-06 12.76574039
13051010 51.2171643518518 0.00119086282748525 1.12862625714875e-06 12.24079990
13051011 51.2360763888889 0.0011848507750451 1.14694062312038e-06 11.63825035
13051012 51.2556365740741 0.00117556498225444 2.26440676798995e-06 10.87982941
13051015 51.2746643518518 0.00117491062121954 1.21034189209948e-06 10.36373043
13051016 51.2930671296296 0.00116655000756958 1.21821536519029e-06 10.09866047
13051017 51.3119328703704 0.00116305379823325 1.23819178646106e-06 9.73348999
13051019 51.33125 0.00116064958196675 1.32686190686692e-06 9.47791004
13051020 51.3477083333333 0.00115274706723644 1.25569240152978e-06 9.27147007
13051021 51.3664814814815 0.00115311313169186 1.35575423452805e-06 8.84000015
13051022 51.3918171296296 0.00115408857987264 1.31655715466173e-06 8.43231964
13051023 51.4100578703704 0.00116025186335557 1.30545432094667e-06 8.57181072
13051024 51.4288194444444 0.00116280777006159 1.77993942541426e-06 8.22041988
13051026 51.4408680555556 0.00116073165854023 1.33675565840783e-06 8.12551975
13051028 51.4611689814815 0.00117010864810498 1.79446028999423e-06 7.82963991
13051068 51.5898148148148 0.00117913418083057 1.20189616691413e-06 12.72466087
13051069 51.606712962963 0.00118102710905028 1.22121968113779e-06 11.31377029
13051070 51.625 0.00118329435108026 1.44312712647748e-06 10.38998985
13051071 51.6384490740741 0.00119529378934862 1.2675232326205e-06 10.08864975
13051072 51.6563773148148 0.00120194951701226 1.29666394546154e-06 9.60153961
13051073 51.6743518518518 0.00120624650911547 1.31630284776169e-06 9.27368069
13051074 51.692650462963 0.0012079785506849 1.24862050008171e-06 8.96453953
13051080 51.7350810185185 0.0011970125620402 1.0166389612148e-05 8.02295017
13051081 51.7364467592593 0.0011913738473522 2.42475671186111e-06 7.87943029
13051083 51.7513425925926 0.00120150234386194 1.42462561014501e-06 7.68066025
13051084 51.7693171296296 0.00120461303391307 1.8197598168103e-06 7.63698006
13051085 51.7821296296296 0.00119386075874219 1.41526045696847e-06 7.58238029
13051086 51.8005324074074 0.00117386556944969 1.41911035055613e-06 7.30912018
13051087 51.8192592592593 0.00118812689726535 1.57726469934722e-06 7.15546036
13051088 51.834849537037 0.00116980077829222 1.78073878730296e-06 6.99646997
13051091 51.8538541666667 0.00118711751403453 1.47687079097316e-06 6.65002012
13051092 51.8724768518519 0.00119151928642763 1.49069517801254e-06 6.52768993
13051093 51.8913425925926 0.0011955604918768 1.4946843343882e-06 6.44553041
13051095 51.910775462963 0.00118669442520733 4.405017552546e-06 6.14263010
13051099 51.9731712962963 0.00125983793093845 1.1095857822906e-06 14.76838970
13051100 51.9933101851852 0.00126471931792195 4.41837565294974e-06 13.31239033
13051102 51.9994444444444 0.0012549109024241 7.53659461659406e-06 13.00689030
13052001 52.0016087962963 0.00125524117643592 1.15764192308647e-06 13.00936031
13052002 52.0205324074074 0.00123850548586165 1.17487470356742e-06 12.20114994
13052003 52.0390856481482 0.00125550886758132 1.20947340863778e-06 11.56532097
13052004 52.0579398148148 0.0012642018217518 1.23782763111467e-06 11.15244007
13052005 52.0764930555556 0.0012367369398413 1.39567063747304e-06 10.87839985
13052009 52.116400462963 0.00122264137568298 2.81530649604733e-06 9.80902004
13052010 52.12125 0.00123697407223356 1.29640252329125e-06 9.71022034
13052011 52.1401273148148 0.00128472960151137 1.3431512641886e-06 9.46218014
13052012 52.158275462963 0.00129011173078433 1.36003418904406e-06 9.26327991
13052013 52.1767013888889 0.00132637778281179 1.40058184646575e-06 8.99262047
13052014 52.1963773148148 0.00130631202757532 1.42659413964267e-06 8.51642990
13052015 52.2150115740741 0.00129603368895966 3.20640019720688e-06 8.37277985
13052016 52.225162037037 0.00130310538047481 1.65602876101246e-06 7.78193045
13052017 52.2399537037037 0.00128682926371468 1.49281710821802e-06 7.41416025
13052018 52.2586574074074 0.0012889181571573 1.55846200925968e-06 6.57462025
13052019 52.2772569444444 0.00125717249853762 1.5651121260797e-06 6.47036028
13052020 52.2937268518519 0.00125651258532821 1.43879936803826e-06 7.65882015
13052021 52.3137384259259 0.00125196183352123 1.41929391653032e-06 7.62801027
13052022 52.3382638888889 0.00113196971578668 4.06747268433785e-06 7.37776041
13052036 52.5740625 0.00114300986439999 1.62013867831414e-06 15.49378967
13052037 52.5827083333333 0.00115007566044987 1.04027970473879e-06 14.88266087
13052039 52.6033912037037 0.00114540069152025 1.06184384299521e-06 13.75269985
13052042 52.6241087962963 0.00114879650902517 1.12210512244643e-06 12.82476044
13052043 52.6420023148148 0.00113846406826543 1.12962159239698e-06 12.32296085
13052045 52.6601157407407 0.00113947370982269 1.15250293968273e-06 11.78748989
13052046 52.6779050925926 0.00115073674376054 1.19687928801043e-06 11.45897961
13052047 52.6963310185185 0.00115373268774648 4.72787380510983e-06 10.90011024
13052048 52.6993171296296 0.0011358625276518 1.20497433703807e-06 10.75100040
13052050 52.7229861111111 0.00112544555104678 1.21728860130933e-06 10.30640030
13052051 52.7421759259259 0.00113092286750583 1.22299099645177e-06 10.21514034
13052052 52.7605787037037 0.00113700141565475 1.24425400820145e-06 9.86439991
13052053 52.7793055555556 0.00112773380791892 1.32167975833817e-06 9.64236069
13052054 52.8065046296296 0.00112189526440946 4.58114418246388e-06 9.22493076
13052056 52.8143402777778 0.00111899611467657 2.2993198583908e-06 9.16044998
13052061 52.8405787037037 0.00112167810809891 1.92745543628556e-06 8.78865051
13052063 52.8559722222222 0.00067826090236672 6.67341104792782e-05 8.68465042
13052088 52.9961111111111 0.00114982984874339 1.00051397171809e-06 16.82394981
13053004 53.0207523148148 0.00114175717549563 1.03378406249475e-06 15.37692070
13053005 53.0389583333333 0.00114137985771634 1.07362564668018e-06 14.27192116
13053006 53.0571527777778 0.00114011264243169 1.08126138151419e-06 13.74191093
13053007 53.0818634259259 0.00113621252141785 1.11906165290864e-06 12.67343998
13053010 53.1074768518518 0.000565931628314309 1.38126488701971e-06 12.22416019
13053012 53.1203125 0.00110922815443508 1.129034723328e-06 11.98612976
13053013 53.1386805555556 0.00110397916137687 1.33023021975827e-06 11.60223961
13053015 53.1575810185185 0.00110164526782044 1.16333434134551e-06 11.19950008
13053021 53.1960648148148 0.000500827740606892 1.80544090492331e-06 10.58096027
13053023 53.2081944444444 0.00101148659275285 1.36046380279408e-06 10.45668030
13053027 53.2665972222222 0.00112302918855855 1.2809197945092e-06 9.29343987
13053028 53.2843865740741 0.00111262417050166 1.27862282939191e-06 9.14406967
13053029 53.3025115740741 0.00109777772730413 1.92035465458101e-06 8.92827034
13054004 54.042349537037 0.00114059571020597 1.24068206219577e-06 21.03725052
13054005 54.0564583333333 0.0011450962713391 2.01724670910735e-06 19.25703049
13054006 54.0621759259259 0.0011402249354291 9.37555797647791e-07 18.87275124
13054007 54.0822453703704 0.00113570327813027 9.53717461978364e-07 17.78594971
13054008 54.1009259259259 0.00113212486842595 9.675314131051e-07 16.90533066
13054009 54.119849537037 0.00112239247945888 9.91406271676585e-07 15.89873981
13054010 54.1383796296296 0.00112194525188359 1.00942982304336e-06 15.28474998
13054011 54.1665972222222 0.00111525299106336 1.04254734873181e-06 14.12307072
13054012 54.1853356481481 0.00111616571130855 1.05638431046621e-06 13.68822098
13054013 54.2038773148148 0.0011168486569658 1.06833505262739e-06 13.21450043
13054014 54.2224074074074 0.00111199038839085 1.08509699205661e-06 12.77262974
13054015 54.2413541666667 0.0011074331790037 1.09069812374113e-06 12.45893955
13054016 54.2599652777778 0.00110661007864949 1.10722320796664e-06 12.04098988
13054017 54.2784375 0.00111230054450281 3.1680706539667e-06 11.68466091
13054018 54.2899305555556 0.00110387640698916 1.13616454119403e-06 11.26813984
13054019 54.3083564814815 0.000767267554988048 8.97404069576849e-07 11.14412117
13054020 54.3305902777778 0.000493198934080701 1.02247824849534e-06 10.68379021
13054022 54.3505208333333 0.00110053151116302 4.89074871342924e-06 10.41182995
13054023 54.3538078703704 0.00110626742523803 2.44426724409923e-06 10.36776066
13054042 54.5213194444444 0.00113517232361596 1.03856027562759e-06 15.46687984
13054043 54.5405902777778 0.00113011635242634 1.07696944262209e-06 14.04156017
13054044 54.5585185185185 0.00112497352539957 1.09481105426283e-06 13.32903004
13054045 54.5784837962963 0.00112084713834427 3.93872665587597e-06 12.53147984
13054047 54.5844097222222 0.00112545899847933 3.01294907058831e-06 12.38029003
13054050 54.6018287037037 0.00112311091600327 1.98732127542219e-06 11.75342941
13054056 54.6159722222222 0.00113732118941494 1.76211001083227e-05 11.49707031
13054057 54.6209490740741 0.0011304348368592 4.76738427712646e-05 11.25215054
13054058 54.6226736111111 0.00111643747692695 1.28788038797891e-06 11.37786007
13054060 54.6442824074074 0.00111009684051647 1.24736930328543e-06 10.72825050
13054061 54.6619444444444 0.00111048845450442 1.26904100073412e-06 10.34813023
13054062 54.6785532407407 0.00109893951362879 1.26599440350301e-06 10.13103008
13054063 54.6957407407407 0.00109502935290344 1.17997867632472e-06 9.66602039
13054064 54.7180787037037 0.00110293265330968 1.20320495120035e-06 9.42617035
13054065 54.7382291666667 0.0010990681055572 1.22078081231063e-06 9.11326027
13054066 54.7578356481482 0.00110227426126238 1.84121321431453e-06 8.91345024
13054068 54.7763888888889 0.00108565497103114 1.23709821429391e-06 8.64136028
13054069 54.7978472222222 0.00107799716600414 1.24477147739502e-06 8.40748978
13054070 54.8178587962963 0.00108046765917453 1.26874247683526e-06 8.10056019
13054071 54.8383101851852 0.00107643399882325 1.3841025080549e-06 7.82716990
13054083 54.943599537037 0.00112041740983023 9.655903130288e-07 18.11108017
13054084 54.9631712962963 0.00112792402506932 9.89424646148501e-07 16.62829971
13054085 54.9823611111111 0.00111635197956844 1.00384489637736e-06 15.61677074
13055001 55.0017939814815 0.000876684149732646 8.77230829663224e-07 14.70170021
13055004 55.0384722222222 0.00117106667915743 1.49491757953819e-06 13.39182091
13055006 55.0554166666667 0.00116147813148869 1.22634884463372e-06 12.57191086
13055007 55.0713888888889 0.00114927160094587 1.24020338789965e-06 12.14134979
13055008 55.0871875 0.00115179190469795 1.24744975368878e-06 11.79489994
13055009 55.1033796296296 0.00114170967031907 1.24384452373132e-06 11.50422096
13055010 55.1195023148148 0.00112769084212107 1.2526835494215e-06 11.10356045
13055011 55.1361574074074 0.00112161279181928 1.26758223574329e-06 10.70394039
13055014 55.1678125 0.00111308943924146 3.30604713969095e-06 10.12244987
13055015 55.1768865740741 0.00805738911653957 1.03932865616722e-05 9.85751057
13055016 55.1920601851852 0.00111498453335868 1.32757682370392e-06 9.65042019
13055017 55.2088194444444 0.00110993556532848 1.34106406386509e-06 9.28200054
13055018 55.2256018518518 0.00111145908163312 1.36115170019335e-06 9.00718021
13055019 55.2418981481481 0.00110710402308532 1.36429329108286e-06 8.83934975
13055020 55.2584259259259 0.00110550784484838 1.37571813891273e-06 8.61497021
13055021 55.2746875 0.00110224127496124 1.38355097576405e-06 8.43895054
13055022 55.2911342592593 0.00109988449677628 1.39377978882143e-06 8.24252033
13055023 55.3075462962963 0.00110693841513054 3.34756059647573e-06 8.17166996
13055024 55.3117708333333 0.00109304722275313 3.42816298937164e-06 8.02711010
13055034 55.409837962963 0.00111492976765792 1.16092401711803e-06 14.27894020
13055035 55.4258101851852 0.00111112381366724 1.11905998955682e-06 12.36391068
13055036 55.4448842592593 0.00111036895883108 1.18213096856168e-06 10.99722099
13055037 55.4638888888889 0.00110580002825459 1.23297225287624e-06 9.90769005
13055038 55.4823263888889 0.00110038916607672 1.2714688726395e-06 9.02928066
13055039 55.5007407407407 0.00110220426299883 2.18608144463531e-06 8.49407005
13055068 55.639375 0.00112067073811619 1.00902998472463e-06 15.96724987
13055069 55.6577777777778 0.00112458531383401 1.02927105462881e-06 15.25602055
13055070 55.676099537037 0.00112585660044894 2.37262942241178e-06 14.52099991
13055071 55.6845717592593 0.00111775887772701 1.04684714026161e-06 14.22369003
13055072 55.7048032407407 0.0011174318230102 4.45549949731183e-06 13.33696079
13055073 55.7104282407407 0.00111510705536609 1.0789543242142e-06 13.16406059
13055075 55.7422453703704 0.00111410080432112 1.09867411490502e-06 12.50652122
13055076 55.7613310185185 0.0011157067616404 1.32321950747949e-06 12.48532963
13055080 55.8021527777778 0.00111017067053596 1.14310252344858e-06 11.45365047
13055081 55.8220486111111 0.00111034599663667 1.16546927421222e-06 11.03245068
13055082 55.8419907407407 0.00110766609433743 1.78221152374673e-06 10.69548988
13055086 55.8700925925926 0.00110391742644341 3.3039935301319e-06 9.75689030
13055087 55.8815509259259 0.00110115673722239 1.20276452999154e-06 9.68253040
13055088 55.9010185185185 0.00109944328844486 1.21439257311956e-06 9.50144005
13055089 55.920625 0.00109714934464735 1.12256334870731e-06 9.54368973
13055090 55.9434837962963 0.00109855230817672 1.93716963944953e-06 9.35116005
13056004 56.033275462963 0.00106560946794383 2.52539668303623e-06 15.41903973
13056005 56.0721759259259 0.00108365772282158 1.25006740608062e-06 11.74328995
13056007 56.0906018518519 0.0010863038637048 1.70139404108877e-06 10.74098969
13056008 56.1018055555556 0.00108735200549656 1.45612279236362e-06 10.29444027
13056011 56.1215509259259 0.0010886957714188 1.26090163300955e-06 9.46738052
13056012 56.1398611111111 0.00108924981098924 2.13275740532278e-06 8.89056969
13056017 56.2135069444444 0.00110591236830821 1.00390524423444e-06 17.26490974
13056020 56.2377199074074 0.00110686522895112 1.0832521356193e-06 13.68120003
13056021 56.2564583333333 0.00109971421688323 1.15139191695134e-06 11.91047096
13056022 56.2753935185185 0.00109646313648336 1.19942949669734e-06 10.74437046
13056023 56.2933680555556 0.00109256195345268 1.23243475052641e-06 10.01832008
13056024 56.3116319444444 0.00108834161359673 1.27156952969371e-06 9.29864025
13056025 56.3297916666667 0.00108709810073805 2.92242361878393e-06 8.63303947
13056026 56.3379282407407 0.00108563177257037 2.49533988345994e-06 8.38214016
13056027 56.3461805555556 0.00108506067018228 1.32841338351276e-06 8.28698063
13056028 56.3652430555556 0.00108115983632123 1.3805466749512e-06 7.52153969
13056029 56.3840856481482 0.00108158105882447 1.40455457571449e-06 7.08863974
13056030 56.4025115740741 0.00107885196245676 1.42930405127304e-06 6.72945023
13056031 56.4210532407407 0.001076527301314 1.45197465873752e-06 6.38611984
13056032 56.4400925925926 0.00107139645582284 3.36037806244954e-06 6.00756025
13056033 56.4452083333333 0.00107129292065709 1.47865645929587e-06 5.97986984
13056034 56.464525462963 0.00107174746479002 5.60313357269649e-06 5.67346048
13056035 56.4745486111111 0.00106780411084801 1.53789025296365e-06 5.28658009
13056037 56.4950231481481 0.00106914166181444 1.56848976922399e-06 5.00214005
13056038 56.5140162037037 0.00107154135231086 1.58276433235029e-06 4.82625008
13056039 56.533912037037 0.00107405631668322 1.79312375381933e-06 4.58106995
13057005 57.0772106481481 0.00110871051434975 9.74638861076104e-07 17.68663025
13057006 57.0954050925926 0.00111355102064186 1.14504747258671e-06 15.98869991
13057007 57.1107175925926 0.00111520192591021 9.9470916983693e-07 15.37652969
13057008 57.1301967592593 0.00111397868023784 1.00823079153234e-06 14.46393013
13057009 57.149537037037 0.00110880142484145 1.02254510022061e-06 13.84396076
13057010 57.168912037037 0.00111170576330647 1.04179685642056e-06 13.46696091
13057011 57.1880208333333 0.00110792610104642 2.3310282527645e-06 12.95086098
13057014 57.2029282407407 0.0011043621437164 1.07657375583711e-06 12.11898994
13057015 57.2221180555556 0.00110183128403887 1.08458349806878e-06 11.72236061
13057016 57.2485185185185 0.00109902153077335 1.09697994924874e-06 11.46236038
13057017 57.2680787037037 0.00109503544702138 1.09329695559965e-06 11.46236038
13057018 57.288912037037 0.00109870121737163 1.08670510394232e-06 11.46236038
13057019 57.3103472222222 0.00109086038112644 1.50865247513164e-06 11.46236038
13057021 57.3260532407407 0.00109087569722235 1.0758271001334e-06 11.46236038
13057022 57.3479513888889 0.00108856909297171 1.07105848572306e-06 11.46236038
13057023 57.3709027777778 0.00108882801456939 1.06690692573691e-06 11.46236038
13057024 57.3959953703704 0.00108672020388576 1.06520692962404e-06 11.46236038
13057025 57.4198611111111 0.00108476849824585 1.05616402525815e-06 11.46236038
13057026 57.444375 0.00108314934966847 1.05080524141095e-06 11.46236038
13057027 57.4718865740741 0.00107915643536348 2.04354249053719e-06 11.46236038
13057038 57.671087962963 0.00109813663160259 3.93371493647097e-05 11.46236038
13057039 57.6739930555556 0.00114173911550446 3.35511413827279e-05 11.46236038
13057042 57.6781481481482 0.00108896928550596 1.06167557559182e-06 13.94900036
13057044 57.714837962963 0.00108956160322783 1.06140500682998e-06 12.86999989
13057045 57.7340162037037 0.00108772616416378 1.07349003163685e-06 12.47714043
13057046 57.7531597222222 0.0010840155625826 1.08794094690662e-06 12.05360031
13057047 57.7724537037037 0.00108343944167753 1.27533966813684e-06 11.73107052
13057048 57.7901157407407 0.00108268927769748 1.27303424560504e-06 11.17778969
13057049 57.8069444444444 0.00108061729835215 1.12207638190746e-06 10.93911076
13057050 57.8271875 0.00108185583063012 1.13702825468342e-06 10.60721970
13057051 57.8466319444444 0.00107990366660021 1.14915178032938e-06 10.33396053
13057052 57.8663773148148 0.00107631853059018 1.15462198352201e-06 10.03665066
13057053 57.8856944444444 0.00107515144496189 1.11129416129344e-06 9.80758953
13057055 57.9127893518518 0.00107501031606515 1.19694619751117e-06 9.28719997
13057056 57.9328703703704 0.00107456477566559 1.21092918169448e-06 9.08570004
13057057 57.9527199074074 0.00107321771597906 1.21856268028765e-06 8.86690998
13057058 57.9720138888889 0.00107662274315889 1.75738550937278e-06 8.68933010
13058002 58.01125 0.00107692944175797 1.27416253570791e-06 8.06533051
13058003 58.0302777777778 0.00106437153100521 1.27204916818318e-06 7.91491985
13058008 58.228125 0.00100531896211917 8.60847586742966e-07 19.08296013
13058013 58.281712962963 0.000999840835418775 8.82727146387237e-07 16.62362099
13058014 58.3034837962963 0.000997094393538306 8.98123554850778e-07 15.76198006
13058015 58.3233564814815 0.000989082914753169 1.34603484084652e-06 15.20506096
13058016 58.3376041666667 0.000989007136707085 9.16396766067401e-07 14.58470058
13058017 58.3576388888889 0.000986618315210686 9.25229044819645e-07 14.04909992
13058018 58.377974537037 0.000981957857376108 9.33395601079289e-07 13.68276024
13058019 58.3988310185185 0.000981097480927453 9.39664723300931e-07 13.28756046
13058020 58.4198611111111 0.000979316964396482 9.49082031962332e-07 12.86636066
13058022 58.4424652777778 0.000981246947465897 5.07483652403028e-06 8.30933952
13058023 58.4453009259259 0.00096974566723788 1.09802810885193e-06 12.42539978
13058025 58.4660300925926 0.000966637743212288 9.87712718739051e-07 11.95129013
13058026 58.486724537037 0.000966877995061577 1.00738604516205e-06 11.52398014
13058028 58.5086921296296 0.000963479917953088 1.01108515114023e-06 11.22562981
13058029 58.5288888888889 0.000958540985446581 1.01663506538789e-06 11.00228977
13058030 58.5492939814815 0.00096044895155946 5.74595020668189e-06 10.70732117
13058031 58.5507175925926 0.000958127596404712 1.02323357022703e-06 10.68027973
13058032 58.5715393518518 0.000940199909465381 1.46265642237985e-06 10.38284016
13058047 58.9937962962963 0.00090434783316432 3.50644302779322e-05 16.63922119
13058048 58.9955555555556 0.00111428575270739 3.32891378499372e-05 16.23452950
13059003 59.0320601851852 0.00105145539538023 4.76526773154793e-06 13.60072994
13059004 59.0350810185185 0.00104994733974988 2.19859970522298e-06 13.50673962
13059005 59.0435648148148 0.00105450314873725 1.10020092694832e-06 13.11973000
13059006 59.0605092592593 0.00105501940388136 1.10143996875795e-06 12.58816051
13059007 59.078599537037 0.00105068978148146 1.11393394964273e-06 12.07608986
13059008 59.0961342592593 0.00105233197817913 1.26835558371215e-06 11.70546055
13059009 59.1135416666667 0.00104930628314469 1.13597760374819e-06 11.06911087
13059010 59.1316666666667 0.00105014081910357 1.13629994239574e-06 10.70238018
13059011 59.1509259259259 0.00104813944966017 1.13438913004741e-06 10.51504993
13059012 59.1702430555556 0.00104746886943723 1.14649528190683e-06 10.14936066
13059013 59.1889814814815 0.00104677475243015 1.14407703050126e-06 10.01858044
13059014 59.2081597222222 0.00104470130431366 1.15951213207965e-06 9.73556995
13059015 59.2272916666667 0.00104942419244629 1.66943274664661e-06 9.41108990
13059016 59.2407986111111 0.00104422373431945 1.18406050230412e-06 9.25444031
13059017 59.2599189814815 0.00104271054569703 1.1937421996816e-06 9.03006077
13059018 59.2796990740741 0.00104314416223329 1.21129672950114e-06 8.73859978
13059019 59.2992824074074 0.00104218088168692 4.91029217186493e-06 8.58806038
13059020 59.3017361111111 0.00104309798505687 1.21551348988907e-06 8.49081993
13059021 59.3209837962963 0.00104268825942003 1.21953050458819e-06 8.34704018
13059022 59.3400694444444 0.00104532621956822 1.23623002904578e-06 8.11511993
13059023 59.3597569444444 0.0010497761390802 3.30589369129414e-06 7.96861029
13059025 59.3686226851852 0.00104037065525323 1.26068659373719e-06 7.75801039
13059026 59.3878703703704 0.0010383127715805 1.26379775608566e-06 7.68157005
13059027 59.4073611111111 0.00100191606663623 2.0197200720514e-06 7.56652021
13059035 59.4855902777778 0.0010478544410197 2.0605131432731e-06 17.38632965
13059036 59.4904513888889 0.00106515257808436 6.94684426071487e-06 16.85996056
13059037 59.4918402777778 0.00104948136448325 9.02535089253825e-07 16.82888985
13059038 59.5114699074074 0.00105013196589785 9.09118837214941e-07 16.08048058
13059039 59.532037037037 0.00105100648279363 2.46674326697307e-06 15.10210037
13059076 59.7579050925926 0.0010674070701473 9.48298237842888e-07 133.71696472
13059077 59.7780787037037 0.00107029831023256 8.32333484820297e-07 123.43240356
13059078 59.8059259259259 0.00106307800494616 8.36056982712726e-07 116.78160095
13059079 59.8325578703704 0.00105437637016418 9.79913804212035e-07 110.95968628
13059080 59.8527314814815 0.00105707880035021 1.15965675181043e-06 105.87200165
13059082 59.8722453703704 0.0010532615661017 8.87806393738579e-07 99.97000122
13059083 59.8982523148148 0.00104813773202509 8.97395136043131e-07 96.13031769
13059084 59.924525462963 0.00104201164744571 2.69918401591395e-06 92.35616302
13059085 59.92875 0.00104755168092535 9.11600058861261e-07 91.89336395
13059086 59.9544444444444 0.00104471623627081 9.65129836368416e-07 88.46656799
13059087 59.9783101851852 0.00104004344420393 1.32318692088223e-06 86.46351624
13060001 60.009212962963 0.00104644690925719 9.73695572379313e-07 79.80960083
13060002 60.034375 0.0010429154779411 9.84304089078672e-07 77.26264191
13060003 60.0592939814815 0.00104231573433767 1.49218116523889e-06 75.49880219
13060007 60.2014814814815 0.00105950017403124 1.53496279312215e-06 111.09591675
13060008 60.2115856481481 0.00106236367671247 1.03910226126368e-06 107.53496552
13060009 60.2294212962963 0.001065884076441 1.04306508435251e-06 104.64688110
13060010 60.2478703703704 0.00105952706278597 4.28218372306377e-06 99.11824036
13060011 60.2507407407407 0.00106594173724884 1.03315049792411e-06 97.95968628
13060012 60.2712384259259 0.00106212705327498 1.1637361032845e-06 95.28376770
13061024 61.478275462963 0.00107113368093003 9.7576530414715e-07 113.18631744
13061025 61.4978819444444 0.00107201623381594 1.10878061761388e-06 107.06072235
13061026 61.5141203703704 0.00107243343123999 4.95127466776707e-06 103.45503998
13061029 61.5194675925926 0.00106710678245534 1.01444099223348e-06 102.53672028
13061030 61.5389930555556 0.00104722800785702 1.03120219693333e-06 96.91864014
13061031 61.5601388888889 0.00104357222684512 1.04193719418133e-06 94.16368103
13061035 61.5880555555556 0.00103933712384695 1.39480535653115e-06 90.11703491
13061053 61.8153703703704 0.00104899918172451 8.70921939823922e-07 122.15320587
13061054 61.8375925925926 0.00103301107673917 8.16473448721694e-07 115.01048279
13061055 61.8641203703704 0.00102786830817645 8.31587315380409e-07 107.74504089
13061056 61.892650462963 0.00101328638662549 9.61228119861564e-07 101.94911957
13061059 61.917650462963 0.00097160703653994 9.08849131939621e-07 98.02208710
13061060 61.9392708333333 0.000984568690510682 8.45634111885325e-07 94.88231659
13061061 61.9837731481481 0.00104154386033505 9.79579635015134e-07 78.10608673
13062001 62.0091435185185 0.00103499273630882 1.11042478170078e-06 79.74408722
13062002 62.0290277777778 0.00103014538059875 1.62201575962368e-06 77.28031921
13062004 62.0473032407407 0.00102587500110599 1.13374677422479e-06 75.03184509
13062005 62.0665740740741 0.00102549060315994 1.14018029090873e-06 73.87432098
13062006 62.0861111111111 0.00103367299488003 1.1715974038719e-06 70.25096130
13062007 62.1053356481481 0.000996870536691266 1.14451435649644e-06 68.55992126
13062013 62.3057407407407 0.00102751550188899 9.16209274376532e-07 125.94608307
13062014 62.3252893518519 0.00102618846481252 4.38125250654975e-06 120.45072174
13062025 62.3902893518519 0.00104982869652797 8.39453793930215e-07 159.29679871
13062026 62.4101041666667 0.00105067543550427 8.2870853244476e-07 138.77343750
13062027 62.4324189814815 0.00105003619704334 9.50942915373055e-07 127.83264160
13062028 62.4516550925926 0.00104874658992494 9.27317273461814e-07 121.54688263
13062029 62.4721412037037 0.00104094262218509 9.22763932086539e-07 116.29488373
13062031 62.4934953703704 0.00104265990991754 1.2452231270105e-06 111.66896820
13062045 62.5428819444444 0.00103779758369048 1.73219277240742e-06 100.55448151
13062046 62.5513310185185 0.00103886614172101 1.4251767554203e-06 99.73703766
13062049 62.5809375 0.00103431414886621 1.0507804128662e-06 147.27679443
13062050 62.6003125 0.00103157525256769 1.06090152104238e-06 142.65278625
13062052 62.6238773148148 0.00102206145211947 2.30607076588087e-06 138.87519836
13062059 62.6526388888889 0.0010224729890041 9.88187557747895e-07 133.33758545
13062060 62.6751851851852 0.00102413738884223 2.31494194721225e-06 129.39839172
13062061 62.6795601851852 0.00102614535597471 1.32613584493732e-06 129.10240173
13062062 62.6929282407407 0.00102511409219912 9.74985577604e-07 126.44159698
13062063 62.7174074074074 0.00101378335825376 1.02175669500359e-06 122.63999939
13063006 63.1131597222222 0.00104824745461337 2.44447159783461e-06 130.19039917
13063009 63.1271412037037 0.00108689383865882 9.92098805699332e-07 189.79359436
13063010 63.1456712962963 0.00109569021583573 1.01645452767373e-06 180.57119751
13063011 63.1639699074074 0.00109225195106211 1.02346585965006e-06 173.48158264
13063012 63.182337962963 0.0209114920100364 4.30094073186794e-05 167.59519958
13063020 63.2075925925926 0.00107811590030449 2.8877752385557e-06 159.85279846
13063022 63.2152777777778 0.00108637343539548 1.06001401815283e-06 157.56320190
13063023 63.2338425925926 0.00108325264131782 1.07040983271963e-06 152.48640442
13063030 63.2764930555556 0.00107452355870033 1.08544178178e-06 145.13439941
13063031 63.2958796296296 0.00107053527578812 1.0989665153403e-06 140.66079712
13063032 63.3136226851852 0.00106380177576157 1.1145329924568e-06 136.81120300
13063033 63.3317708333333 0.00105184107345285 7.05488172665658e-06 132.97439575
13063034 63.3362268518519 0.0010627212670376 9.72822926366239e-07 132.83840942
13063035 63.360625 0.00106260558798818 9.92580609972064e-07 128.43359375
13063036 63.384224537037 0.00106139223958311 9.09324688345087e-07 123.83839417
13063051 63.5432175925926 0.00108281274753913 9.76788922080515e-07 199.82719421
13063053 63.5670138888889 0.00110590324588445 9.20582023058749e-07 166.61439514
13063054 63.5904050925926 0.00109865773361156 9.81419114727254e-07 146.63359070
13063059 63.7352662037037 0.0010744090747814 8.9794824728385e-07 235.25439453
13063061 63.7641898148148 0.00105115805125533 8.63212915241558e-07 174.90879822
13063062 63.7898842592593 0.00106081366159142 8.90596220871812e-07 153.51840210
13063063 63.8158680555556 0.00106102257034925 1.98068744371214e-06 141.13920593
13063065 63.8286111111111 0.0010971289688064 1.32701809656414e-06 137.07839966
13063067 63.8533217592593 0.00109709182874166 1.36349975024897e-06 128.44000244
13063068 63.8687152777778 0.0010934742561982 1.00197320782279e-06 125.07039642
13063071 63.8998148148148 0.00110943634829865 1.92118442151704e-06 117.16799927
13063072 63.9099189814815 0.00109607126001483 1.28190130084825e-06 115.38719940
13063073 63.9272569444444 0.00109769526978842 1.04468427828115e-06 111.72639465
13063074 63.9530787037037 0.0010995822694097 1.1777032231902e-06 108.21119690
13063076 63.9765740740741 0.0010869796218003 1.01428043896111e-06 104.70399475
13064001 64.0045833333333 0.00108262597243678 1.20963507756606e-06 100.22079468
13064002 64.025162037037 0.00107722050837141 9.85593450247005e-07 98.17279816
13064003 64.0565509259259 0.00108690828619362 1.30520237682834e-06 94.00479126
13064004 64.0752662037037 0.00108594679077392 1.3205498038072e-06 91.00320435
13064005 64.0948611111111 0.00108507620123081 2.11896184030846e-06 89.64479828
13064006 64.1056944444444 0.00107772894692303 3.39965011470784e-06 88.29279327
13064012 64.2054050925926 0.00111055806070744 1.327989286781e-06 227.39999390
13064014 64.2214583333333 0.0011050931971677 9.61595400886269e-07 197.05279541
13064020 64.2631944444444 0.00108849241846818 1.0363241547654e-06 161.58558655
13064021 64.2822800925926 0.0010911351812309 1.05704573033479e-06 154.54879761
13064022 64.3005671296296 0.00108297651132457 1.12413765671229e-06 146.09278870
13064023 64.3190972222222 0.00108793015640852 1.10939752624729e-06 139.14079285
13064024 64.3378009259259 0.00109541078074931 9.15841464876209e-07 133.87840271
13064025 64.3648611111111 0.00109015890043464 9.9603687084034e-07 127.01599884
13064026 64.3890046296296 0.00108608697208442 1.23803334485713e-06 122.14239502
13064028 64.4306134259259 0.00107667617229253 1.18006340930212e-06 113.97439575
13064029 64.4503009259259 0.00107706405839973 9.66603433875898e-07 110.57119751
13064030 64.4785532407407 0.00107404871930914 1.22526546191329e-05 106.62079620
13064031 64.4792824074074 0.00107492347132799 1.03291474669719e-06 106.44799805
13064032 64.5052662037037 0.00106932009651501 1.29311537126479e-06 103.31039429
13064052 64.6147916666667 0.00107345363042845 2.91431406753531e-06 181.67358398
13064055 64.624537037037 0.00106338606267457 8.0209576771854e-07 167.26399231
13064056 64.6543055555556 0.00105009428771377 9.72726244803889e-07 146.52958679
13064057 64.6756597222222 0.00104797486367496 1.00112961453113e-06 138.87680054
13064059 64.7300231481481 0.00104070757581195 2.26758163076208e-06 122.19359589
13064061 64.7390277777778 0.00105150199914427 1.42555974492088e-06 119.60639954
13064064 64.7561921296296 0.00101152109877192 9.23607404875783e-07 115.44639587
13064065 64.7844444444444 0.00100267821595999 8.72675437881912e-07 109.77279663
13064066 64.8165740740741 0.00100220044319247 1.1052387417328e-06 103.70079803
13064067 64.8398842592593 0.00100138993136295 4.58281836196888e-06 99.58079529
13064068 64.8436226851852 0.00100001920601284 1.31501994315182e-06 98.45279694
13064070 64.8635185185185 0.00100085078139174 1.00789378939935e-06 94.28479767
13064074 64.8950462962963 0.00099944910361331 1.06970377991148e-06 90.40000153
13064075 64.9209027777778 0.00098361632384914 9.47782321846554e-07 86.74399567
13065005 65.0997106481481 0.00103326062537424 8.78181745895754e-07 208.27359009
13065006 65.119537037037 0.00103229541732122 9.36104032578429e-07 181.69599915
13065007 65.1397453703704 0.00102998767204791 9.78922016160472e-07 165.82879639
13065008 65.1585300925926 0.00102772142885037 1.00904041942202e-06 155.36799622
13065009 65.1786111111111 0.00102302441463804 1.02730090776377e-06 147.07199097
13065013 65.2147916666667 0.00101341343751708 3.14798311646486e-06 135.51199341
13065014 65.2229513888889 0.00101731441980069 1.07762971814445e-06 132.14878845
13065015 65.2426041666667 0.00101782974662838 1.09371911495715e-06 128.09599304
13065016 65.2620717592593 0.00101543874649655 1.10113622550231e-06 123.96639252
13065017 65.2817708333333 0.00101621961033078 1.12499262227201e-06 119.20800018
13065018 65.3012152777778 0.00101276963960779 1.13796927610883e-06 116.07199860
13065019 65.3200231481481 0.0010133635099448 1.03516806196319e-06 112.76159668
13065020 65.3442361111111 0.00101009219930722 1.06891705281502e-06 109.21439362
13065021 65.366412037037 0.00101018224652506 1.08569722451384e-06 105.98719788
13065022 65.388275462963 0.00101058989301012 1.44209467833179e-06 103.23999786
13065046 65.6676851851852 0.00102992310400408 7.283823655735e-07 202.52479553
13065047 65.6980555555556 0.00102722391776741 9.58722884761306e-07 168.80000305
13065048 65.7183564814815 0.00102619867851931 8.71891200411617e-07 157.18559265
13065049 65.7431944444444 0.00102314422149058 8.95940560453519e-07 145.01119995
13065050 65.7678472222222 0.0010225912879351 9.14636493848531e-07 134.60319519
13065051 65.8024884259259 0.00101297258152033 1.84193912775748e-06 122.32320404
13065052 65.8197337962963 0.00101241320697448 1.11675161647624e-06 117.93119812
13065053 65.8395601851852 0.00100751821698345 1.01841317501529e-06 111.90720367
13065055 65.8727199074074 0.00100787607822535 1.13980184935483e-06 104.39999390
13065056 65.8933217592593 0.0010050444935921 1.03067831066813e-06 100.86239624
13065058 65.9215740740741 0.00100352171549058 1.24076213551996e-06 95.23359680
13065059 65.9405324074074 0.00100123374413182 1.21801450975983e-06 92.03039551
13065060 65.9608217592592 0.00100241668084761 1.01033695453825e-06 88.98719788
13066021 66.1260416666667 0.00101525368141915 1.16415283167365e-06 120.84960175
13066022 66.1446643518519 0.00101686495744136 1.19322953968297e-06 114.05439758
13066023 66.1630324074074 0.00101525466993999 1.22328885453915e-06 107.73439789
13066024 66.1809490740741 0.00101362313761122 1.25317744920504e-06 103.02079773
13066025 66.2012384259259 0.00101452772178754 1.26816574981262e-06 98.80159760
13066026 66.2199768518519 0.00101110231456776 1.28742364081025e-06 94.04479218
13066027 66.2380671296296 0.00101108565448884 1.29702947280248e-06 91.13759613
13066028 66.2565856481481 0.00100756038862672 1.31371906571726e-06 87.91519928
13066029 66.2756018518518 0.00100775094847102 1.33060657448753e-06 84.55359650
13066030 66.2945949074074 0.00100489343231005 1.33819323574088e-06 81.79679871
13066031 66.3135185185185 0.00100391496829183 1.34795583356115e-06 79.55839539
13066033 66.3335532407407 0.00100132041276771 1.3466579504804e-06 78.22239685
13066034 66.3529050925926 0.00100084601521624 1.32182906536471e-06 75.94879150
13066035 66.3726736111111 0.00100122797775432 1.30130521122602e-06 73.60160065
13066036 66.3941550925926 0.00100522201931545 2.23763462890591e-06 72.44319916
13066100 66.7947569444444 0.00090283792070673 1.25377275611379e-05 117.76479340
13066101 66.796712962963 0.00091768868287652 1.43691520874248e-06 116.49599457
13066102 66.807662037037 0.000944526620349535 1.3675660611027e-06 112.55679321
13066104 66.8199074074074 0.000963873918776315 1.25734152712956e-06 109.22879791
13066105 66.8372106481481 0.000971696737932559 4.54882940761214e-06 106.76319885
13066109 66.857962962963 0.0010013687703468 8.55621828664137e-07 98.59679413
13066110 66.8921643518518 0.00101664128547018 8.2164726425721e-07 94.26239777
13067001 67.0007523148148 0.00108218484577758 8.48571263826281e-07 252.23358154
13067002 67.0213310185185 0.00108368839611643 8.20390955351071e-07 212.50878906
13067003 67.0436111111111 0.00108470790817942 8.72170685313612e-07 190.53919983
13067004 67.0656365740741 0.00108049735492711 9.00469162977946e-07 176.56158447
13067005 67.086712962963 0.00107633804406963 1.0671210355171e-06 166.76319885
13067006 67.1046759259259 0.0010784336222477 1.23540453048351e-06 159.38079834
13067007 67.1255324074074 0.0010748600356858 9.74465626644622e-07 150.78878784
13067008 67.1459143518519 0.00107348320944905 9.97900515930845e-07 144.56959534
13067009 67.1665509259259 0.00107295501271075 1.01595078276095e-06 140.50079346
13067010 67.186400462963 0.00107453741800803 1.02900071564269e-06 135.73759460
13067011 67.2063078703704 0.00107218676129012 1.04084010517264e-06 130.80000305
13067012 67.2266666666667 0.00107047808434207 1.25648005915816e-06 127.45120239
13067013 67.2444328703704 0.00106838079338587 1.08928353883214e-06 123.99520111
13067014 67.2643055555556 0.00106722410879156 1.15201235186644e-06 121.86239624
13067015 67.2823032407407 0.0010681267717394 1.16135910040117e-06 118.26239777
13067017 67.3016319444445 0.00107039055348516 1.66260378453022e-06 115.07520294
13068017 68.0834375 0.0011060279202525 9.67037631090298e-07 172.40640259
13068022 68.115162037037 0.00110101955710172 1.19423880689051e-06 156.50558472
13068023 68.1311226851852 0.00110207569735544 1.41872699961634e-06 151.29598999
13068027 68.2084375 0.00101194644532857 9.38513644687444e-07 124.08479309
13068028 68.2340393518518 0.00102437836251446 2.33323074820857e-06 117.84479523
13068029 68.2588657407407 0.00102328167522563 1.09309333401873e-06 113.45919800
13068034 68.3090162037037 0.00103120774234772 1.12491467366751e-06 106.66719818
13068036 68.3314699074074 0.00103450187673691 9.63736022253047e-07 103.63359833
13068037 68.3587152777778 0.00103931231707369 1.03623080381827e-06 100.49120331
13068057 68.5772453703704 0.00109193825727424 8.45713648784565e-07 251.43199158
13068058 68.5967361111111 0.00108536310508743 8.33100301144175e-07 225.63839722
13068059 68.6174189814815 0.00108756576678187 8.38092734282318e-07 208.59519958
13068060 68.6395138888889 0.00110439490916532 8.98403796682976e-07 195.67999268
13068084 68.8781712962963 0.00125420554703697 2.61750707576287e-06 227.26240540
13068085 68.8810532407407 0.00125261402572094 9.74390521971765e-07 222.17440796
13068086 68.8993287037037 0.00124941844424443 9.9701728031228e-07 202.74559021
13068087 68.9182986111111 0.00124377891449698 9.1801619256581e-07 189.82719421
13068088 68.9410416666667 0.00123573467307681 8.92304766202518e-07 177.70878601
13068090 68.9684606481481 0.00122182181398327 8.3310704714592e-07 166.14399719
13069001 69.0017592592593 0.00121868520503054 7.03907267169963e-07 154.83039856
13069002 69.0464351851852 0.00121550026902784 1.07733840882303e-06 144.90399170
13069003 69.0671527777778 0.00120370984993637 1.41488231100997e-06 140.12478638
13069004 69.0829166666667 0.00120374012121899 1.04864476748555e-06 135.31678772
13069005 69.1054976851852 0.00120215872932822 1.18133841987196e-06 130.74400330
13069006 69.1283101851852 0.00119968162086513 1.17620617575965e-06 126.23839569
13069007 69.1473958333333 0.00119609578992394 1.15620965393124e-06 122.79199982
13069008 69.1684143518519 0.00119324694484595 1.21128953757709e-06 119.16320038
13069013 69.2701851851852 0.00124324216840318 9.11518182709948e-07 230.51840210
13069014 69.2903935185185 0.00124058015159738 8.88878319553684e-07 207.91679382
13069016 69.3187384259259 0.0012381588857149 9.7778869477617e-07 190.42720032
13069017 69.3382291666667 0.00123118769458388 9.73104821307668e-07 180.32958984
13069018 69.3592013888889 0.00122663057595819 1.00814676330045e-06 172.32958984
13069020 69.3820486111111 0.00123012983290739 2.25302020448203e-06 163.32479858
13069021 69.3905439814815 0.00122000603903008 9.82389639782152e-07 159.70719910
13069022 69.4124537037037 0.00121674936335673 9.84041446835494e-07 154.38558960
13069023 69.4364467592593 0.00122298400917922 1.01317911832688e-06 149.02720642
13069024 69.4585185185185 0.00122702749546453 1.67590995256573e-06 143.30720520
13069026 69.4725462962963 0.00121514105005146 1.12200751725691e-06 140.75199890
13069027 69.4919675925926 0.00120630276881387 1.39088930158826e-06 137.37120056
13069029 69.5214583333333 0.00119344184843704 4.2783354774098e-06 130.62399292
13069030 69.5234837962963 0.00119967007979066 1.05872126053289e-06 130.17120361
13069031 69.5459606481482 0.00119346436770018 2.72190812713592e-06 123.96639252
13069035 69.5540393518519 0.00119839998989626 1.11327313877544e-06 122.15200043
13069036 69.5751388888889 0.0011987338173372 1.55881857964349e-06 118.13120270
13069066 69.7859259259259 0.00126053725453467 8.19715391838039e-07 230.19200134
13069067 69.8110300925926 0.00125489694936215 7.98019949146545e-07 213.64158630
13069068 69.8385416666667 0.00124799585595753 8.73234086120287e-07 199.00158691
13069069 69.8627199074074 0.00125203948085271 1.61327345114101e-06 188.87199402
13069073 69.8946412037037 0.0012394675346043 8.50297568817061e-07 175.65119934
13069074 69.9225 0.00124162017902536 7.88603477721576e-06 167.29119873
13070006 70.3053587962963 0.00124825839380117 1.45152742492722e-06 222.54078674
13070008 70.315775462963 0.0012434121860886 8.08562541891494e-07 215.87678528
13070010 70.3440393518519 0.0012446270385775 7.91175611212071e-07 202.51359558
13070011 70.3722685185185 0.00123946067880558 1.04934948574851e-06 191.16958618
13070012 70.3889814814815 0.0012344541780976 8.32534544744911e-07 185.35359192
13070014 70.4188657407407 0.00123816183347481 2.05208972872367e-06 179.64479065
13070015 70.4240162037037 0.00123296201489618 4.89230787073446e-06 176.70399475
13070016 70.4349189814815 0.00123647776295004 9.96464936144049e-07 172.30720520
13070017 70.4555555555556 0.00124045789093493 9.98342669776464e-07 166.96640015
13070018 70.4767824074074 0.00123711317491546 1.88909780742363e-06 161.93759155
13070019 70.4840972222222 0.00123184944544563 4.91718990765699e-06 160.72640991
13070020 70.4861689814815 0.00123451771019722 1.03666487572558e-06 160.51519775
13070021 70.5069097222222 0.00123107613460511 2.41519748322291e-06 153.18559265
13070022 70.511412037037 0.00123111493406734 1.02252846833776e-06 153.12640381
13070024 70.5438657407407 0.00122031256026441 2.5420255758317e-06 145.21919250
13070025 70.5484027777778 0.00121781470995837 1.06772711084113e-06 146.07199097
13070026 70.5688888888889 0.00121663405195321 1.11335393778001e-06 141.63200378
13070027 70.5889351851852 0.00121567157779875 1.18236278996263e-06 138.50878906
13070030 70.6127893518519 0.00121464403097349 6.33000248830189e-06 133.73440552
13070056 70.8806828703704 0.00140052195658899 9.49120452706981e-07 192.45440674
13070057 70.9048148148148 0.00141024908723618 1.00587270231078e-06 183.70399475
13070058 70.9274652777778 0.00140785775126369 9.94059881619491e-07 173.91679382
13070059 70.9514467592593 0.00140246158264288 1.87620327394048e-06 167.20799255
13070060 70.9628703703704 0.00139745132712412 1.76530078046152e-06 162.08000183
13070061 70.9783217592593 0.00137183055683538 3.74906134967884e-06 158.80000305
13071003 71.0089583333333 0.00136672166889212 1.13450799917533e-06 150.96640015
13071004 71.0290972222222 0.00136722161775284 1.21097009105994e-06 147.04479980
13071005 71.0469328703704 0.00136192282272237 1.21207849967121e-06 144.29119873
13071006 71.0648148148148 0.00135847078175237 2.33692612072314e-06 141.67041016
13071008 71.0767476851852 0.00132356924248004 1.88229535288942e-06 139.68640137
13071009 71.0923958333333 0.00105710363788233 1.80730457126845e-06 135.72479248
13071010 71.1020833333333 0.00104819019575917 1.05651418905485e-06 137.06079102
13071011 71.122025462963 0.00104889473607267 1.05709140338383e-06 133.57600403
13071012 71.1415625 0.00104106652029745 1.00724601632373e-06 130.54078674
13071028 71.5106018518518 0.00105936397924827 9.04353900494162e-07 187.56640625
13071029 71.5302430555556 0.0010598883402031 9.61730527567504e-07 182.60958862
13071031 71.5509490740741 0.00106554901500036 9.05861030879055e-07 177.33758545
13071032 71.5721875 0.00107255824678164 9.00271352234936e-07 169.96479797
13071033 71.5940856481482 0.00106764933883755 9.49615756410578e-07 164.86399841
13071034 71.6141666666667 0.00113417714528528 1.95630014663783e-05 159.92158508
13071037 71.6301041666667 0.00105730284071559 1.14400373255435e-05 155.15679932
13071038 71.6313888888889 0.00105417937958902 1.79396731688725e-06 154.68159485
13071040 71.6410069444444 0.00105925561955727 5.05292727474615e-06 151.90399170
13071041 71.6437268518518 0.00105257747889316 8.10596328106435e-07 151.97920227
13071042 71.6728587962963 0.00103555033035058 1.17395453254505e-06 146.55039978
13071043 71.6873611111111 0.00103140486818029 9.74280252082427e-07 144.03039551
13071045 71.7150578703704 0.00102830009801606 9.37494801949175e-07 139.39520264
13071046 71.7377083333333 0.00102818497658584 1.45028066064362e-06 136.29280090
13071048 71.7512731481481 0.00102289422840892 1.33247808973727e-06 136.21119690
13071050 71.7720949074074 0.00102115544530205 9.32321945372565e-07 131.67999268
13071051 71.7973263888889 0.00101834107814449 1.87630548058076e-06 128.95039368
13071055 71.8127083333333 0.00101830811790959 1.07035232642848e-06 126.40799713
13071064 71.9415856481481 0.0010420654243207 8.64098576884173e-07 215.26399231
13072001 71.9609837962963 0.001045679707376 9.06385488791727e-07 199.60800171
13072002 71.9798032407407 0.00104637032425564 8.88396792003294e-07 190.72479248
13072003 71.9997453703704 0.00104530530663592 8.6913115849793e-07 183.95678711
13072004 72.0211689814815 0.00104286978288445 1.1003458059566e-06 177.86399841
13072005 72.0349421296296 0.00104009162402498 9.04699668072008e-07 173.88800049
13072006 72.0557060185185 0.00103913382699258 1.95933114484845e-06 168.55520630
13072007 72.0640740740741 0.00103769010693816 9.39290181641442e-07 166.76640320
13072008 72.0856134259259 0.00103714410641113 8.87544176577409e-07 159.56320190
13072009 72.1084027777778 0.00103111838092218 9.76922662998321e-07 155.43040466
13072010 72.1293287037037 0.00102863306242667 1.03409059111841e-06 151.72000122
13072011 72.1470138888889 0.00102597313216913 1.00245454562022e-06 148.13119507
13072014 72.1739236111111 0.0010253087714504 1.34331700563259e-06 144.91520691
13072015 72.1884837962963 0.00102058845590326 1.25218553212044e-06 141.46719360
13072016 72.2023726851852 0.00101903508125478 8.60587931869158e-07 138.58720398
13072017 72.2291203703704 0.00101596931414429 1.03483326264798e-06 135.08641052
13072018 72.2482175925926 0.00101617452018728 1.05161153655308e-06 131.60159302
13072019 72.2671759259259 0.00101916665213957 1.50348028753038e-06 129.56320190
13072020 72.2777199074074 0.00101659468329775 1.34874586913041e-06 127.36479187
