13040003 40.0111805555556 0.000194552901606041 2.46680600087993e-06 1.00000000
13040016 40.0760648148148 0.000189694178610931 4.52122644677501e-06 1.00000000
13040017 40.0807175925926 0.000182514352846941 8.01851655644327e-06 1.00000000
13040018 40.0828703703704 0.000187908111213659 3.16780565524027e-06 1.00000000
13040037 40.2025115740741 0.000176737339802009 6.62757933718217e-06 1.00000000
13040040 40.2200115740741 0.000175131045490228 2.76779448070117e-06 1.00000000
13040041 40.2394675925926 0.115194237927263 0.00340416744105105 1.00000000
13040042 40.2506134259259 0.000176290680691897 2.89913253966684e-06 1.00000000
13040043 40.2654050925926 0.000169953028906363 2.82799276014952e-06 1.00000000
13040044 40.2808449074074 0.000177110303948921 2.98577686859882e-06 1.00000000
13040045 40.2962615740741 0.000176447672442383 2.94585776869709e-06 1.00000000
13040046 40.3112037037037 0.000176654751631324 6.5602034622969e-06 1.00000000
13041002 41.2118634259259 0.000184256744712364 3.69219585925284e-06 1.00000000
13041009 41.2993287037037 0.000194001927796874 2.36954260845317e-06 1.00000000
13041010 41.3140393518519 0.000194306339294931 3.74185799275277e-06 1.00000000
13041082 41.7666319444444 0.000170984733769068 2.53546528040547e-06 1.00000000
13041101 41.8104861111111 0.000180947373247096 1.84079128983608e-06 1.00000000
13041102 41.8277662037037 0.000179839924905838 1.8400310056569e-06 1.00000000
13041108 41.8582060185185 0.000178833313364539 2.05484193576976e-06 1.00000000
13041109 41.8818287037037 0.000177334729553463 1.930015563727e-06 1.00000000
13041110 41.9000347222222 0.000176559654095133 2.01061356692171e-06 1.00000000
13041115 41.9295138888889 0.000176040567720359 2.01902395679272e-06 1.00000000
13041116 41.9480439814815 0.000174384149555587 2.06185484008326e-06 1.00000000
13041119 41.9763773148148 0.000171866603670137 2.117930835832e-06 1.00000000
13042001 42.0006018518519 0.000174783019791756 2.1475165806439e-06 1.00000000
13042002 42.0195717592593 0.000173691464688242 2.2631978439366e-06 1.00000000
13042003 42.0381712962963 0.000176424415157251 2.4227181857747e-06 1.00000000
13042006 42.2619212962963 0.000177981581510396 1.95038576406166e-06 1.00000000
13042007 42.2790046296296 0.000175845026652671 1.97226580417939e-06 1.00000000
13042008 42.295462962963 0.000177088039420702 2.01584660857698e-06 1.00000000
13042013 42.3236805555556 0.000177171111834427 2.02440206809109e-06 1.00000000
13042015 42.3412962962963 0.000172943603096693 1.99084357248143e-06 1.00000000
13042016 42.359224537037 0.000174093474827742 2.10131084487465e-06 1.00000000
13042017 42.3832986111111 0.000175850584886373 2.15478362031252e-06 1.00000000
13042018 42.4010300925926 0.000175861359351587 2.14895185791248e-06 1.00000000
13042019 42.4187268518519 0.000171120173496998 2.14943708517827e-06 1.00000000
13042020 42.4378587962963 0.000180549738913738 8.95974807529409e-06 1.00000000
13042022 42.4430092592593 0.000170297093758945 1.86193090778692e-06 1.00000000
13042023 42.4656018518519 0.000199490746839989 3.11485111159169e-06 1.00000000
13042024 42.5167592592593 0.00023045534605933 3.02883661111584e-06 1.00000000
13042025 42.5345023148148 0.000220765354913546 2.9865556718336e-06 1.00000000
13042026 42.5521064814815 0.000226644103453246 3.06551332570553e-06 1.00000000
13042027 42.5697916666667 0.000226395640847517 3.0785334131055e-06 1.00000000
13042046 42.8201157407407 0.00018619114928385 1.49087084014047e-06 1.49322009
13042047 42.8361111111111 0.000186721956959308 1.50158244055942e-06 1.40340006
13042048 42.8532175925926 0.000187312645151802 1.32938569855621e-06 1.30915999
13042049 42.8759027777778 0.000183659902048771 1.56479458836528e-06 1.21542013
13042050 42.8932986111111 0.000182218306873689 2.23235077332512e-06 1.17674005
13043005 43.2440972222222 0.000190846969821401 1.54381724993146e-06 1.39520001
13043006 43.2601157407407 0.000186449297296113 1.59640096712417e-06 1.23556006
13043011 43.2925694444444 0.000187376559549772 1.6880219165702e-06 1.04042006
13043012 43.3093171296296 0.000184078080540131 1.71938261889852e-06 1.00000000
13043013 43.3267824074074 0.00018029762137479 1.74833790971249e-06 1.00000000
13043017 43.3515509259259 0.000169261865633226 2.13265692354698e-06 1.00000000
13043023 43.411087962963 0.000176578975546496 2.04247068486681e-06 1.00000000
13043030 43.4680787037037 0.000173336296728027 2.00135112518742e-06 1.00000000
13043031 43.4885648148148 0.000141454366422184 4.68371066796824e-06 1.00000000
13043032 43.498900462963 0.000140471125345957 1.85591046137043e-06 1.00000000
13043035 43.53 0.000129954566731073 1.79172752655853e-06 1.00000000
13043044 43.6758912037037 0.000144059082992357 1.28989404609947e-06 1.48215997
13043047 43.7145833333333 0.000140276684479003 1.32922241079563e-06 1.27832007
13043048 43.7324189814815 0.000138644346188221 1.34387698331299e-06 1.22518003
13043049 43.7505787037037 0.000138245869439981 1.37190929455979e-06 1.16525996
13043050 43.7695023148148 0.000136403479242367 1.38005877230353e-06 1.11836004
13043051 43.7884259259259 0.000155796235156885 8.73171264072662e-06 1.07150006
13043052 43.7995717592593 0.000134381945836347 1.44696915153516e-06 1.00000000
13043053 43.8185300925926 0.00013470456961615 1.46921688506564e-06 1.00000000
13043054 43.8379282407407 0.0001332367657106 1.4977049156876e-06 1.00000000
13043055 43.8577199074074 0.000131086090194692 1.55725596524869e-06 1.00000000
13043056 43.8779513888889 0.000131358670244768 1.62632838838644e-06 1.00000000
13043057 43.8980787037037 0.000136606473612768 1.76156371841782e-06 1.00000000
13043058 43.9279861111111 0.000132945391474441 1.58912850534849e-06 1.00000000
13043059 43.9476388888889 0.000134408708259111 1.64036942180357e-06 1.00000000
13043060 43.9673726851852 0.000137853489228566 3.00301884949505e-06 1.00000000
13043063 43.9899421296296 0.000133861190049365 7.45927257534754e-06 1.00000000
13044017 44.2143981481481 0.000137206163598805 1.35245337558967e-06 1.18432009
13044018 44.2323148148148 0.000134867091051072 1.36423345015014e-06 1.12734008
13044019 44.250462962963 0.000137506084238735 1.40957468129304e-06 1.06897998
13044020 44.2689814814815 0.000137082674862698 1.61592842990463e-06 1.02224004
13044021 44.2916666666667 0.000134144655431312 1.45877775482347e-06 1.00000000
13044022 44.3106018518519 0.000133421991120988 1.45678916488791e-06 1.00000000
13044023 44.3294791666667 0.00013325335085704 1.48730889157966e-06 1.00000000
13044024 44.3484490740741 0.000134215004752677 1.52754173555843e-06 1.00000000
13044025 44.3705671296296 0.00013448258071554 1.55329075355188e-06 1.00000000
13044026 44.3907291666667 0.000133633804011684 2.40971828650713e-06 1.00000000
13044029 44.4212847222222 0.000131929151725309 1.93687516794749e-06 1.00000000
13044030 44.4377662037037 0.000131581964569265 1.60851022656626e-06 1.00000000
13044031 44.4573842592593 0.000135289768519325 2.08942502097912e-06 1.00000000
13044034 44.4788310185185 0.000130704746609391 3.61792104944512e-06 1.00000000
13044118 44.896875 4.58972460752172e-05 3.97445326519681e-05 1.00000000
13044119 44.8989699074074 0.000146933193828299 3.04769841328825e-06 1.00000000
13044121 44.9038888888889 0.000141037813865649 2.91540348626955e-06 1.00000000
13044122 44.9093518518519 0.000141432861667891 1.24646939361449e-06 1.00000000
13044123 44.9283333333333 0.000141907832631327 1.38163221673779e-06 1.00000000
13044124 44.9458680555556 0.000141157820259549 1.39505011693778e-06 1.00000000
13044125 44.9660185185185 0.000136294180667492 1.53023544372239e-06 1.00000000
13044126 44.9884027777778 0.000138227773608176 1.60243596117844e-06 1.00000000
13045001 45.0033796296296 0.000139367290834737 1.62650273450595e-06 1.00000000
13045003 45.0184143518519 0.000134381414893306 5.11178443499459e-06 1.00000000
13045005 45.0433101851852 0.00013577568245715 1.39162276031969e-06 1.00000000
13045006 45.0693981481481 0.000125760140261491 1.7494294463191e-06 1.00000000
13045007 45.096400462963 0.000134151727141084 1.4281877183058e-06 1.00000000
13045012 45.1260300925926 0.000133085633087473 1.83141652021224e-06 1.00000000
13045029 45.1685532407407 0.000132012615391606 1.65238049421676e-06 1.00000000
13045056 45.4773842592593 0.000142124018421515 1.13673429246985e-06 1.00000000
13045133 45.8602893518519 0.000142225803731281 1.18238807511475e-06 1.00000000
13045134 45.8778356481481 0.000143577846301919 1.20811998566775e-06 1.00000000
13045135 45.8971643518518 0.000141134002563378 1.53161383682832e-06 1.00000000
13045138 45.9129050925926 0.000139587637266086 1.22588305117969e-06 1.00000000
13045145 45.9555439814815 0.000138915158368385 1.27479763213118e-06 1.00000000
13045146 45.9744212962963 0.000143330945268866 3.38848662938964e-06 1.00000000
13045164 45.9979513888889 0.000136304405359482 1.28752844766335e-06 1.00000000
13046001 46.0181365740741 0.0001375179940454 1.3178846025111e-06 1.00000000
13046002 46.0372800925926 0.000138798149915707 5.21970283893611e-06 1.00000000
13046003 46.0480324074074 0.000136625858366401 1.45197766025041e-06 1.00000000
13046004 46.0645833333333 0.000133628384218647 1.51694116912693e-06 1.00000000
13046008 46.1530439814815 0.000154436887777453 2.85094978550639e-06 1.00000000
13046010 46.1591550925926 0.000151744248761607 3.12338176381791e-06 1.00000000
13046011 46.1637615740741 0.000147818759032883 1.22398438063274e-06 1.00000000
13046012 46.1791435185185 0.000146286757699019 1.10113328973586e-06 1.00000000
13046013 46.1979166666667 0.00014505354285065 1.08923093416547e-06 1.00000000
13046014 46.219224537037 0.0001437644819492 1.79148471106633e-06 1.00000000
13046015 46.2290162037037 0.000142929407209359 1.56507642707875e-06 1.00000000
13046017 46.2453472222222 0.000143064003735066 1.12183245081285e-06 1.00000000
13046028 46.2887615740741 0.000138126624730069 1.23943417832706e-06 1.00000000
13046029 46.3071064814815 0.000136398753231225 1.68395636741904e-06 1.00000000
13046118 46.9664814814815 0.000145047470440593 2.29352852436029e-06 1.00000000
13046119 46.9764699074074 0.000142837751949464 2.0887022627808e-06 1.00000000
13046120 46.986087962963 0.000145326087967383 1.8716619555343e-06 1.00000000
13046121 46.9947337962963 0.000143173575831981 1.79066826432611e-06 1.00000000
13047002 47.0056828703704 0.000142725671721883 1.36440891406833e-06 1.00000000
13047003 47.0201157407407 0.000142790474715862 2.09204271777964e-06 1.00000000
13047004 47.0278240740741 0.000140222569956885 2.17052746904648e-06 1.00000000
13047014 47.1780092592593 0.000158335408231434 6.80053722145576e-06 1.00000000
13047018 47.1865972222222 0.000154135646280169 3.81865656572411e-06 1.00000000
13047022 47.1994560185185 0.000153908149500143 3.30065666939707e-06 1.00000000
13047023 47.2051041666667 0.000149682229215229 1.08577584315845e-06 1.00000000
13047024 47.2230671296296 0.000146924807380073 2.13774797424085e-06 1.00000000
13047026 47.2356828703704 0.00014885746082607 1.35293152762664e-06 1.00000000
13047027 47.2485763888889 0.00014793632228133 1.50413408588815e-06 1.00000000
13047028 47.2760069444444 0.000146809901858021 1.65888762763605e-06 1.00000000
13047029 47.2907407407407 0.000144474683061471 1.47728785214925e-06 1.00000000
13047030 47.3031134259259 0.000145954064184461 1.50706427998602e-06 1.00000000
13047031 47.3157523148148 0.000143904812297776 1.43166909838414e-06 1.00000000
13047032 47.3301273148148 0.000140343040193291 1.41005159823626e-06 1.00000000
13047033 47.3445138888889 0.000139451196128302 4.42060594638082e-06 1.00000000
13047034 47.3470023148148 0.000139020751806721 1.42473086449035e-06 1.00000000
13047035 47.3674537037037 0.000140335002665529 1.28083323483336e-06 1.00000000
13047036 47.3855671296296 0.000138017101278586 1.48869911105098e-06 1.00000000
13047037 47.3993055555556 0.000139020631214117 1.33112316540272e-06 1.00000000
13047039 47.4234027777778 0.000137095051264234 1.3183195227029e-06 1.00000000
13047040 47.4419097222222 0.000137290427363524 1.53822349871913e-06 1.00000000
13047041 47.455462962963 0.000138513682068639 6.27623148827704e-06 1.00000000
13047042 47.4574537037037 0.000134996357389448 4.48219305154655e-06 1.00000000
13047043 47.4596759259259 0.000131620922854273 5.8108261049734e-06 1.00000000
13047044 47.4615625 0.000146862187548977 9.92318621321122e-06 1.00000000
13047045 47.4627546296296 0.000141845402264616 5.43516939382638e-06 1.00000000
13047046 47.4652662037037 0.000126677565401687 7.85564238474953e-06 1.00000000
13047047 47.4669675925926 0.000134378015567515 3.83443463716042e-06 1.00000000
13047048 47.4703125 0.000137504901554314 5.36831397448514e-06 1.00000000
13047049 47.4724768518519 0.000133461839594965 4.70361161600667e-06 1.00000000
13047050 47.4749537037037 0.000117368416991025 5.76798283744144e-06 1.00000000
13047051 47.4774305555556 0.000129277536796498 3.57431421346146e-06 1.00000000
13047052 47.4805439814815 0.00013694942378772 3.54407027085524e-06 1.00000000
13047053 47.4851851851852 0.000133513375859144 5.13101677270267e-06 1.00000000
13047054 47.4875 0.000134109247104825 2.4627414688004e-06 1.00000000
13047055 47.4939351851852 0.000136457984762776 3.91455773608903e-06 1.00000000
13047122 47.9509259259259 0.000149174969844584 1.20368386853605e-06 1.00000000
13047123 47.9650578703704 0.000145084576415458 1.17601498856248e-06 1.00000000
13047124 47.9796759259259 0.000145364536046735 1.59374733173871e-06 1.00000000
13047126 47.9904513888889 0.000143450918633467 1.06962319060225e-06 1.00000000
13048007 48.0213310185185 0.000152767135405132 6.56143290560561e-06 1.00000000
13048009 48.0253009259259 0.000138930095660778 1.10917005991744e-06 1.00000000
13048010 48.045462962963 0.00014223451376649 2.76962747646033e-06 1.00000000
13048011 48.0577430555556 0.000140013563676459 1.17303349782424e-06 1.00000000
13048012 48.0761458333333 0.000138111077277729 1.1766269458653e-06 1.00000000
13048013 48.0948958333333 0.000138149476519104 1.22401761361508e-06 1.00000000
13048014 48.1134259259259 0.000137219385193578 1.2281830903701e-06 1.00000000
13048015 48.1330092592593 0.000136280838285351 1.24627584000201e-06 1.00000000
13048016 48.1515972222222 0.000136897745687453 1.27345506730458e-06 1.00000000
13048017 48.1707986111111 0.000136636569973524 2.4531187247926e-06 1.00000000
13048018 48.184212962963 0.000134300378190865 1.31703046024153e-06 1.00000000
13048019 48.2026851851852 0.000133571425404661 1.8543266129005e-06 1.00000000
13048022 48.2307638888889 0.000130429867978715 2.43619799339345e-06 1.00000000
13048030 48.3642824074074 0.000150767953119505 1.13332149654572e-06 1.00000000
13048031 48.3784027777778 0.000146997409276335 1.09224646345383e-06 1.00000000
13048032 48.3942361111111 0.000147015787962689 2.71119369859206e-06 1.00000000
13048040 48.4162847222222 0.000142334049312765 1.06351633353891e-06 1.00000000
13048041 48.4344907407407 0.000131695857605005 1.33071673464977e-06 1.00000000
13048042 48.445787037037 0.000140739340424951 1.10316266358719e-06 1.00000000
13048043 48.4633680555556 0.000139150746818152 1.46481130049358e-06 1.00000000
13048044 48.4745486111111 0.000138244467807684 2.98403950993022e-06 1.00000000
13048045 48.4782407407407 0.000137153711329376 2.37946793897169e-06 1.00000000
13048046 48.4931597222222 0.00013450392045971 6.18406845770473e-06 1.00000000
13048049 48.5048726851852 0.000137821161421829 1.20118604371321e-06 1.00000000
13048050 48.522962962963 0.000135668645002697 1.21737989091566e-06 1.00000000
13048051 48.5409027777778 0.000135250107161093 1.15849410446877e-06 1.00000000
13048052 48.5608680555556 0.000137552397680341 1.26747988172562e-06 1.00000000
13048053 48.5789583333333 0.000136106716587121 1.27394864770848e-06 1.00000000
13048087 48.7585532407407 0.000148968482839225 9.89061689232743e-07 1.00000000
13048088 48.7761458333333 0.000147022419060819 1.03098660734153e-06 1.00000000
13048089 48.7936226851852 0.000145558436796577 1.04808838372275e-06 1.00000000
13048090 48.8122916666667 0.000143514686830363 1.07185880311107e-06 1.00000000
13048091 48.8344675925926 0.000141445987700608 1.09548648996701e-06 1.00000000
13048092 48.8530324074074 0.000140240476607603 1.14232113610716e-06 1.00000000
13048093 48.8787731481481 0.000139568009010572 2.41626573519186e-06 1.00000000
13049004 49.1253356481481 0.000153585048299081 1.92615746204213e-06 1.00000000
13049005 49.1318634259259 0.000149294139709029 2.75320667673416e-06 1.00000000
13049006 49.1360532407407 0.000146512832236975 9.98305254451304e-07 1.00000000
13049007 49.158912037037 0.000143679442049105 5.47735270770666e-06 1.00000000
13049031 49.2659143518519 0.000137685848704987 1.29201541690404e-06 1.00000000
13049032 49.2835185185185 0.000135866384043281 1.93491178302385e-06 1.00000000
13049035 49.2982523148148 0.000134630692796196 1.28691048502589e-06 1.00000000
13049039 49.3423148148148 0.000133306940144724 1.32309949461524e-06 1.00000000
13049041 49.3613541666667 0.000130323652235753 2.83563115352147e-06 1.00000000
13049042 49.3710300925926 0.000133611297751549 1.51469854909375e-06 1.00000000
13049044 49.387037037037 0.000133035551090157 1.59960562575942e-06 1.00000000
13049045 49.4041203703704 0.000130812078256635 1.4048714546449e-06 1.00000000
13049046 49.4225462962963 0.000130093766319955 1.39426455228219e-06 1.00000000
13049047 49.4409953703704 0.000129644964055056 1.4278637718315e-06 1.00000000
13049048 49.4596064814815 0.000132125758457956 1.57093677914904e-06 1.00000000
13049049 49.4753009259259 0.000127660497911093 1.61340303095784e-06 1.00000000
13049050 49.4942361111111 0.000130359964752761 4.28594005982003e-06 1.00000000
13049052 49.4990625 0.00024171024145289 9.76397753232199e-05 1.00000000
13049072 49.7058333333333 0.000156119232626346 9.91026056107945e-07 1.00000000
13049073 49.7244097222222 0.000163067946908947 1.0571097886128e-06 1.00000000
13049075 49.7461574074074 0.000138188388598237 0.000195333411491669 1.00000000
13049080 49.759537037037 0.000155052713907344 1.09317007835941e-06 1.00000000
13049081 49.778599537037 0.000156576032322617 1.13099745843222e-06 1.00000000
13049082 49.7975462962963 0.000160029301980169 1.09807175499025e-06 1.00000000
13049086 49.8266087962963 0.000157575950592379 1.25730035872007e-06 1.00000000
13049087 49.8456712962963 0.000150512284078126 1.24509182332524e-06 1.00000000
13049088 49.8636689814815 0.000147860203728115 1.26798969805661e-06 1.00000000
13049089 49.8818634259259 0.000150006259164416 6.98599215650411e-06 1.00000000
13049093 49.894375 0.000142076447488041 1.23963763763991e-06 1.00000000
13049094 49.9144560185185 0.000142343315380796 1.26360605366501e-06 1.00000000
13049096 49.9351273148148 0.000140745801024819 2.03326445204529e-06 1.00000000
13049098 49.9517824074074 0.000145698658469823 1.3229678941302e-06 1.00000000
13049099 49.9705787037037 0.000153479123650478 1.39481850068978e-06 1.00000000
13049101 49.9924884259259 0.000146581795551671 1.39516285831163e-06 1.00000000
13050001 50.010775462963 0.000139633172918348 1.52542167426273e-06 1.00000000
13050006 50.1337962962963 0.000152173368871997 8.78935988921179e-07 1.00000000
13050007 50.1603125 0.000151032484735122 2.04720147788005e-06 1.00000000
13050009 50.1779166666667 0.000150347998946828 1.19594479614873e-06 1.00000000
13050011 50.1969097222222 0.000149777386957513 1.09034616473114e-06 1.00000000
13050012 50.2193981481481 0.000145538931021079 1.09674811868482e-06 1.00000000
13050015 50.2592939814815 0.000154739314832934 3.72110011655135e-06 1.00000000
13050016 50.2625925925926 0.000151714237783151 3.00123750488846e-06 1.00000000
13050020 50.2785185185185 0.000151781500693814 1.22035136035087e-06 1.00000000
13050022 50.298287037037 0.000146445685137439 1.22118794970035e-06 1.00000000
13050023 50.3170138888889 0.000147060354495055 1.2465467812156e-06 1.00000000
13050025 50.3370601851852 0.00013975444515957 2.23370871225594e-06 1.00000000
13050026 50.3436574074074 0.000142181792593978 1.79077629327522e-06 1.00000000
13050027 50.3533449074074 0.0621734990780052 0.000979802922302264 1.00000000
13050028 50.3604050925926 0.000148092907741789 1.6240490828556e-06 1.00000000
13050029 50.3724884259259 0.000139928947910862 1.34049569452064e-06 1.00000000
13050031 50.3928009259259 0.000140233544357032 2.47228089381612e-06 1.00000000
13050032 50.4052430555556 0.000135371214955011 1.29582539530803e-06 1.00000000
13050033 50.4238657407407 0.000134283744737621 2.0498252519884e-06 1.00000000
13050036 50.4357060185185 0.000135597778315925 1.32510847892547e-06 1.00000000
13050037 50.4546643518518 0.000134259088562999 2.12295287161106e-06 1.00000000
13050038 50.4622685185185 0.000134438711746012 1.35244128755549e-06 1.00000000
13050039 50.48125 0.000126839542558683 1.65415178536295e-06 1.00000000
13050041 50.4948958333333 0.000137645788847005 1.64354986633376e-06 1.00000000
13050042 50.5095717592593 0.000141140590191095 1.54023515340106e-06 1.00000000
13050043 50.5285763888889 0.000135448530334762 1.68838862899151e-06 1.00000000
13050044 50.5450578703704 0.00013301669243713 1.99522545397942e-06 1.00000000
13050046 50.5750462962963 0.000137634298509068 1.68741714646641e-06 1.00000000
13050047 50.5940740740741 0.000130508191152823 1.69081976287033e-06 1.00000000
13050049 50.6138541666667 0.000129057777089492 1.6317136888836e-06 1.00000000
13050050 50.6361689814815 0.000135403606021926 4.68273371858405e-06 1.00000000
13051006 51.1352662037037 0.000158951336881778 9.48423550518824e-07 1.00000000
13051007 51.1566898148148 0.00015561219055489 9.7119717052993e-07 1.00000000
13051008 51.1793287037037 0.000152021939295003 1.10455012612018e-06 1.00000000
13051009 51.1983101851852 0.000151660216496473 1.12679738583097e-06 1.00000000
13051010 51.2171643518518 0.000153591137929616 1.15155214358483e-06 1.00000000
13051011 51.2360763888889 0.000151392779270792 1.16623796653149e-06 1.00000000
13051012 51.2556365740741 0.000147587822297052 2.30085010510701e-06 1.00000000
13051015 51.2746643518518 0.000145894882312144 1.22705042053209e-06 1.00000000
13051016 51.2930671296296 0.000142467458291628 1.22803959798866e-06 1.00000000
13051017 51.3119328703704 0.000143024949645858 1.26035320012669e-06 1.00000000
13051019 51.33125 0.000142156229558778 1.34950109441471e-06 1.00000000
13051020 51.3477083333333 0.000139401042612857 1.27289237014604e-06 1.00000000
13051021 51.3664814814815 0.000141293642209927 1.38734172174303e-06 1.00000000
13051022 51.3918171296296 0.000139452423592978 1.34266452880775e-06 1.00000000
13051023 51.4100578703704 0.000141952634956374 1.33950369734657e-06 1.00000000
13051024 51.4288194444444 0.000142485989966919 1.83752735762819e-06 1.00000000
13051026 51.4408680555556 0.000141970137072913 1.37715588835809e-06 1.00000000
13051028 51.4611689814815 0.000141442607696265 1.8442757556644e-06 1.00000000
13051068 51.5898148148148 0.000159552792895169 1.23988424699734e-06 1.00000000
13051069 51.606712962963 0.000152887149610548 1.23147184593564e-06 1.00000000
13051070 51.625 0.000152575021481806 1.45702823117314e-06 1.00000000
13051071 51.6384490740741 0.000154931005529796 1.28729323878009e-06 1.00000000
13051072 51.6563773148148 0.000157896495706031 1.33208877856415e-06 1.00000000
13051073 51.6743518518518 0.00015944193632345 1.35666643809269e-06 1.00000000
13051074 51.692650462963 0.000161471796118061 1.30498226974633e-06 1.00000000
13051080 51.7350810185185 0.000169194807077466 1.06784724448679e-05 1.00000000
13051081 51.7364467592593 0.000155070760794 2.53076165580072e-06 1.00000000
13051083 51.7513425925926 0.000158505244277322 1.49628684543266e-06 1.00000000
13051084 51.7693171296296 0.00014895613390598 1.79621400073959e-06 1.00000000
13051085 51.7821296296296 0.000155138513943013 1.48096586125275e-06 1.00000000
13051086 51.8005324074074 0.000145688484729104 1.45431468977984e-06 1.00000000
13051087 51.8192592592593 0.000152612333690774 1.65237827081876e-06 1.00000000
13051088 51.834849537037 0.000144659998612252 1.8336609064707e-06 1.00000000
13051091 51.8538541666667 0.000151802894077094 1.54680602638559e-06 1.00000000
13051092 51.8724768518519 0.000153562325374083 1.57374711785313e-06 1.00000000
13051093 51.8913425925926 0.000153680400926691 1.57794292501127e-06 1.00000000
13051095 51.910775462963 0.000153093476344376 4.64098562202958e-06 1.00000000
13051099 51.9731712962963 0.000186889807857151 1.17932341239553e-06 1.00000000
13051100 51.9933101851852 0.000186663969949467 4.73475465850619e-06 1.00000000
13051102 51.9994444444444 0.000172717765605829 7.85828954779828e-06 1.00000000
13052001 52.0016087962963 0.000179312860542069 1.21982643031939e-06 1.00000000
13052002 52.0205324074074 0.000172126273079684 1.22827858279028e-06 1.00000000
13052003 52.0390856481482 0.000177894744723827 1.28276993917939e-06 1.00000000
13052004 52.0579398148148 0.000182407813894343 1.33154354701356e-06 1.00000000
13052005 52.0764930555556 0.000169671267376092 1.47023637582297e-06 1.00000000
13052009 52.116400462963 0.000165444382572569 2.97990448499142e-06 1.00000000
13052010 52.12125 0.00016737080203966 1.37008297248744e-06 1.00000000
13052011 52.1401273148148 0.000193042824167268 1.50270169893435e-06 1.00000000
13052012 52.158275462963 0.000189459527111643 1.50427264829767e-06 1.00000000
13052013 52.1767013888889 0.000211399820737841 1.61735395000726e-06 1.00000000
13052014 52.1963773148148 0.000199854639193012 1.62473706285302e-06 1.00000000
13052015 52.2150115740741 0.000195911676690894 3.64016529137273e-06 1.00000000
13052016 52.225162037037 0.000198954497112333 1.89299745690395e-06 1.00000000
13052017 52.2399537037037 0.000192058375212853 1.7030848976256e-06 1.00000000
13052018 52.2586574074074 0.000191468673829031 1.79161576937402e-06 1.00000000
13052019 52.2772569444444 0.000178879291807263 1.73320166160177e-06 1.00000000
13052020 52.2937268518519 0.000180304633987704 1.62291197256551e-06 1.00000000
13052021 52.3137384259259 0.000177512239901254 1.60678550515585e-06 1.00000000
13052022 52.3382638888889 0.000133979665687662 4.11294976759752e-06 1.00000000
13052036 52.5740625 0.00014799316927775 1.63350120502651e-06 1.00000000
13052037 52.5827083333333 0.000145411003038443 1.037389032801e-06 1.00000000
13052039 52.6033912037037 0.000142791441920022 1.05645580610513e-06 1.00000000
13052042 52.6241087962963 0.00014324961416061 1.12408216036008e-06 1.00000000
13052043 52.6420023148148 0.000140698573476645 1.13444384310239e-06 1.00000000
13052045 52.6601157407407 0.000141668710022288 1.16348946760983e-06 1.00000000
13052046 52.6779050925926 0.00014319346447775 1.21333559746917e-06 1.00000000
13052047 52.6963310185185 0.00014595582691556 4.78316937286802e-06 1.00000000
13052048 52.6993171296296 0.000139617537566904 1.2172578736629e-06 1.00000000
13052050 52.7229861111111 0.000137534749379156 1.23110355660774e-06 1.00000000
13052051 52.7421759259259 0.000137513084973965 1.23229246747353e-06 1.00000000
13052052 52.7605787037037 0.000140168674536577 1.26816441585476e-06 1.00000000
13052053 52.7793055555556 0.000136458907755048 1.33485860808416e-06 1.00000000
13052054 52.8065046296296 0.000138622493422053 4.70482293047979e-06 1.00000000
13052056 52.8143402777778 0.000123877393028081 2.17014896428072e-06 1.00000000
13052061 52.8405787037037 0.000133657678456705 1.95551855025982e-06 1.00000000
13052063 52.8559722222222 0 8.22019709326642e-05 1.00000000
13052088 52.9961111111111 0.000146800562658259 9.95058377733421e-07 1.00000000
13053004 53.0207523148148 0.000144911034922879 1.03078375676494e-06 1.00000000
13053005 53.0389583333333 0.00014205117022348 1.0625008742724e-06 1.00000000
13053006 53.0571527777778 0.000140849510991869 1.07193552007292e-06 1.00000000
13053007 53.0818634259259 0.000139563289962743 1.11447384198134e-06 1.00000000
13053010 53.1074768518518 7.105901881855e-05 1.38635487107516e-06 1.00000000
13053012 53.1203125 0.000135216804646557 1.12199216840594e-06 1.00000000
13053013 53.1386805555556 0.000133612922204031 1.32184561435402e-06 1.00000000
13053015 53.1575810185185 0.000133121907109792 1.15992414788022e-06 1.00000000
13053021 53.1960648148148 6.1817687203417e-05 1.85207075222088e-06 1.00000000
13053023 53.2081944444444 0.000122098579532387 1.36519618269402e-06 1.00000000
13053027 53.2665972222222 0.000133964015271058 1.28732096415089e-06 1.00000000
13053028 53.2843865740741 0.000131617451442924 1.27902681514121e-06 1.00000000
13053029 53.3025115740741 0.00013166086537658 1.94005813432401e-06 1.00000000
13054004 54.042349537037 0.000149477053529586 1.2125337905424e-06 1.00000000
13054005 54.0564583333333 0.000136262078521423 1.82336105627509e-06 1.00000000
13054006 54.0621759259259 0.000146987459798295 9.15466603196742e-07 1.00000000
13054007 54.0822453703704 0.000144512088440579 9.35883347421189e-07 1.00000000
13054008 54.1009259259259 0.000141090407736912 9.46171216821979e-07 1.00000000
13054009 54.119849537037 0.0001411271380376 9.78875875708628e-07 1.00000000
13054010 54.1383796296296 0.000139456199903201 9.9747648983635e-07 1.00000000
13054011 54.1665972222222 0.000135940542146278 1.03111956247437e-06 1.00000000
13054012 54.1853356481481 0.000137212676084391 1.05113129070049e-06 1.00000000
13054013 54.2038773148148 0.000137244233664741 1.06892711612686e-06 1.00000000
13054014 54.2224074074074 0.000135779632794154 1.08655064778326e-06 1.00000000
13054015 54.2413541666667 0.000132571123971803 1.08403459257074e-06 1.00000000
13054016 54.2599652777778 0.000133163009927942 1.10996968089459e-06 1.00000000
13054017 54.2784375 0.000136668856632426 3.16447279122729e-06 1.00000000
13054018 54.2899305555556 0.000133778366611307 1.14635205481412e-06 1.00000000
13054019 54.3083564814815 9.08930135384845e-05 9.0015651330492e-07 1.00000000
13054020 54.3305902777778 6.00972577823959e-05 1.04915413995327e-06 1.00000000
13054022 54.3505208333333 0.000121577422874975 4.60478618955979e-06 1.00000000
13054023 54.3538078703704 0.000133173445735805 2.4740927375713e-06 1.00000000
13054042 54.5213194444444 0.000143896518462466 1.00080812945511e-06 1.00000000
13054043 54.5405902777778 0.000140430234021815 1.03044784523936e-06 1.00000000
13054044 54.5585185185185 0.000137515232538931 1.04713751926131e-06 1.00000000
13054045 54.5784837962963 0.000132513406364534 3.68069068038628e-06 1.00000000
13054046 54.5823611111111 0 0.00337289143852932 1.00000000
13054047 54.5844097222222 0.000137365767873985 2.91589714452765e-06 1.00000000
13054050 54.6018287037037 0.00013046432733693 1.81750443495137e-06 1.00000000
13054056 54.6159722222222 0.000131476924137973 1.68305473324725e-05 1.00000000
13054057 54.6209490740741 8.60831149502934e-05 3.79558181953834e-05 1.00000000
13054058 54.6226736111111 0.000134986888537945 1.24808831810084e-06 1.00000000
13054060 54.6442824074074 0.000134477199271758 1.21807137180156e-06 1.00000000
13054061 54.6619444444444 0.000133091012525142 1.24116462096822e-06 1.00000000
13054062 54.6785532407407 0.000134247556956012 1.25765043985338e-06 1.00000000
13054063 54.6957407407407 0.00013338831625291 1.1786012726032e-06 1.00000000
13054064 54.7180787037037 0.000132112017395408 1.19041439564548e-06 1.00000000
13054065 54.7382291666667 0.000132901654895323 1.21802680520796e-06 1.00000000
13054066 54.7578356481482 0.000129592682402582 1.82260952624916e-06 1.00000000
13054068 54.7763888888889 0.000126809849971478 1.21683601252201e-06 1.00000000
13054069 54.7978472222222 0.000127928690100023 1.24359332230148e-06 1.00000000
13054070 54.8178587962963 0.000127692911126581 1.26445754540804e-06 1.00000000
13054071 54.8383101851852 0.000127265267524595 1.38709181550757e-06 1.00000000
13054083 54.943599537037 0.000143330148991552 9.48643527697087e-07 1.00000000
13054084 54.9631712962963 0.000142308864451545 9.70383172139296e-07 1.00000000
13054085 54.9823611111111 0.000138253587043821 9.84802180011163e-07 1.00000000
13055001 55.0017939814815 0.000110760781218992 8.81120036305161e-07 1.00000000
13055004 55.0384722222222 0.000145802313324265 1.49975089319259e-06 1.00000000
13055006 55.0554166666667 0.000144394446727365 1.22571290857673e-06 1.00000000
13055007 55.0713888888889 0.000143608246313847 1.24858854825671e-06 1.00000000
13055008 55.0871875 0.000142523979585997 1.25569465043451e-06 1.00000000
13055009 55.1033796296296 0.000138962893711327 1.24809400424448e-06 1.00000000
13055010 55.1195023148148 0.000136761873255706 1.25768932824596e-06 1.00000000
13055011 55.1361574074074 0.000134723403160883 1.27242536289382e-06 1.00000000
13055014 55.1678125 0.000131749121632018 3.30907139832775e-06 1.00000000
13055015 55.1768865740741 0.00439449705252891 4.78198254128537e-05 1.00000000
13055016 55.1920601851852 0.000134040127391442 1.33978084009628e-06 1.00000000
13055017 55.2088194444444 0.000132578217802943 1.35956750177694e-06 1.00000000
13055018 55.2256018518518 0.000134644609704243 1.3865282005966e-06 1.00000000
13055019 55.2418981481481 0.000130806224980276 1.3746160407957e-06 1.00000000
13055020 55.2584259259259 0.000132312124760136 1.39748085553798e-06 1.00000000
13055021 55.2746875 0.00013173069356961 1.40752979843791e-06 1.00000000
13055022 55.2911342592593 0.000130461415827936 1.41730202717704e-06 1.00000000
13055023 55.3075462962963 0.000133346564827327 3.41331784174554e-06 1.00000000
13055024 55.3117708333333 0.000122959025741859 3.39056484507291e-06 1.00000000
13055034 55.409837962963 0.000138351528002734 1.09602486890164e-06 1.00000000
13055035 55.4258101851852 0.00013764194460068 1.0622096294764e-06 1.00000000
13055036 55.4448842592593 0.000135216774550648 1.11995004026467e-06 1.00000000
13055037 55.4638888888889 0.000135226815941102 1.1751442215166e-06 1.00000000
13055038 55.4823263888889 0.000132958680642694 1.20754185513631e-06 1.00000000
13055039 55.5007407407407 0.000129553212608186 2.06724080246357e-06 1.00000000
13055068 55.639375 0.000142654688391971 9.89208881191748e-07 1.00000000
13055069 55.6577777777778 0.00014093780492376 1.00655516985265e-06 1.00000000
13055070 55.676099537037 0.000141398626307362 2.32442437757318e-06 1.00000000
13055071 55.6845717592593 0.000138701215066839 1.02555013237654e-06 1.00000000
13055072 55.7048032407407 0.000141776428026766 4.49431856596311e-06 1.00000000
13055073 55.7104282407407 0.000137688773018909 1.06831387173438e-06 1.00000000
13055075 55.7422453703704 0.000136297455736654 1.08573347284963e-06 1.00000000
13055076 55.7613310185185 0.000134256682448545 1.30325803611098e-06 1.00000000
13055080 55.8021527777778 0.000135989001713184 1.14969533715097e-06 1.00000000
13055081 55.8220486111111 0.000131549368525292 1.15130374165725e-06 1.00000000
13055082 55.8419907407407 0.000134485082175166 1.79445709114209e-06 1.00000000
13055086 55.8700925925926 0.000129778387601121 3.29298609692424e-06 1.00000000
13055087 55.8815509259259 0.000130933079990101 1.21086806431815e-06 1.00000000
13055088 55.9010185185185 0.000131750487676199 1.22351257248258e-06 1.00000000
13055089 55.920625 0.000130140436844587 1.13338787920419e-06 1.00000000
13055090 55.9434837962963 0.000121378849245333 1.85326952927993e-06 1.00000000
13056004 56.033275462963 0.000143975835272745 2.61325185035843e-06 1.00000000
13056005 56.0721759259259 0.000137121055829778 1.24268054294642e-06 1.00000000
13056007 56.0906018518519 0.000136796441418931 1.68783592176846e-06 1.00000000
13056008 56.1018055555556 0.000132911613436378 1.42274816800114e-06 1.00000000
13056011 56.1215509259259 0.000133202723628861 1.24172019648999e-06 1.00000000
13056012 56.1398611111111 0.000133032563154645 2.08872609050078e-06 1.00000000
13056017 56.2135069444444 0.000145172611852262 9.85951251826334e-07 1.00000000
13056020 56.2377199074074 0.000138908459430786 1.04103626612821e-06 1.00000000
13056021 56.2564583333333 0.000134809988237218 1.09881904071256e-06 1.00000000
13056022 56.2753935185185 0.00013386001587664 1.14646166867865e-06 1.00000000
13056023 56.2933680555556 0.000132679355258975 1.18033643704867e-06 1.00000000
13056024 56.3116319444444 0.000130373757480576 1.21135559861571e-06 1.00000000
13056025 56.3297916666667 0.000131645008541991 2.79888222797576e-06 1.00000000
13056026 56.3379282407407 0.00012660656716231 2.36437644698309e-06 1.00000000
13056027 56.3461805555556 0.000130182892141415 1.27653162513472e-06 1.00000000
13056028 56.3652430555556 0.00012903968837219 1.32670485059638e-06 1.00000000
13056029 56.3840856481482 0.000125735553210169 1.3370034920803e-06 1.00000000
13056030 56.4025115740741 0.000127669917796991 1.37549817444278e-06 1.00000000
13056031 56.4210532407407 0.000125744697289313 1.38929764383028e-06 1.00000000
13056032 56.4400925925926 0.000127479566152196 3.27605786071219e-06 1.00000000
13056033 56.4452083333333 0.000124112692118223 1.41523165647207e-06 1.00000000
13056034 56.464525462963 0.000120029952927293 5.17935607594131e-06 1.00000000
13056035 56.4745486111111 0.000122785354882965 1.47074069781159e-06 1.00000000
13056037 56.4950231481481 0.000125324346870147 1.52238012602602e-06 1.00000000
13056038 56.5140162037037 0.000122852508340174 1.51904245907421e-06 1.00000000
13056039 56.533912037037 0.000124214003823479 1.73448734448752e-06 1.00000000
13057005 57.0772106481481 0.000146148946727286 9.79167678764596e-07 1.00000000
13057006 57.0954050925926 0.000140965710431627 1.12373829498046e-06 1.00000000
13057007 57.1107175925926 0.000140420994569151 9.79889713237601e-07 1.00000000
13057008 57.1301967592593 0.000139938467926869 1.0007978401152e-06 1.00000000
13057009 57.149537037037 0.000137848503203399 1.01039000343264e-06 1.00000000
13057010 57.168912037037 0.000136567613346205 1.02952652327887e-06 1.00000000
13057011 57.1880208333333 0.000136254290529561 2.3152405134009e-06 1.00000000
13057014 57.2029282407407 0.00013520218214778 1.07350623361723e-06 1.00000000
13057015 57.2221180555556 0.000134567626034444 1.08575516575278e-06 1.00000000
13057016 57.2485185185185 0.000131774820304546 1.09144377564975e-06 1.00000000
13057017 57.2680787037037 0.000132140029632504 1.09601107696471e-06 1.00000000
13057018 57.288912037037 0.000131640157178789 1.08579317020088e-06 1.00000000
13057019 57.3103472222222 0.000131549184505558 1.52512074026714e-06 1.00000000
13057021 57.3260532407407 0.000131015218183556 1.08237065046577e-06 1.00000000
13057022 57.3479513888889 0.000128027448486098 1.06616424358489e-06 1.00000000
13057023 57.3709027777778 0.000127899024351858 1.06783886428941e-06 1.00000000
13057024 57.3959953703704 0.000126463662823159 1.06348222731907e-06 1.00000000
13057025 57.4198611111111 0.000127707807237773 1.06509220975574e-06 1.00000000
13057026 57.444375 0.000128168429471764 1.06402214361958e-06 1.00000000
13057027 57.4718865740741 0.000123283209385289 2.016313993915e-06 1.00000000
13057038 57.671087962963 9.33462216602906e-05 3.09571273702678e-05 1.00000000
13057039 57.6739930555556 0.000110703863370828 2.76259730575816e-05 1.00000000
13057042 57.6781481481482 0.000136200428598581 1.03282271633372e-06 1.00000000
13057044 57.714837962963 0.000135549096222538 1.04028221355752e-06 1.00000000
13057045 57.7340162037037 0.000133036180859046 1.05095530974566e-06 1.00000000
13057046 57.7531597222222 0.000133047002585817 1.07485175755751e-06 1.00000000
13057047 57.7724537037037 0.000133017472298717 1.26577868356325e-06 1.00000000
13057048 57.7901157407407 0.00012966894596432 1.25067836363833e-06 1.00000000
13057049 57.8069444444444 0.000131550884851791 1.1141287900789e-06 1.00000000
13057050 57.8271875 0.000130862551485302 1.12931551145925e-06 1.00000000
13057051 57.8466319444444 0.0001293709806088 1.14382156843903e-06 1.00000000
13057052 57.8663773148148 0.000127767933906831 1.14667399980332e-06 1.00000000
13057053 57.8856944444444 0.00012840384091569 1.10975315019774e-06 1.00000000
13057055 57.9127893518518 0.000125784205234566 1.18715443112574e-06 1.00000000
13057056 57.9328703703704 0.000128676126241081 1.21293434957078e-06 1.00000000
13057057 57.9527199074074 0.000126014164704931 1.21430015619687e-06 1.00000000
13057058 57.9720138888889 0.000128734454232945 1.77070399109232e-06 1.00000000
13058002 58.01125 0.00012628352361051 1.27825706026583e-06 1.00000000
13058003 58.0302777777778 0.000126929563404221 1.30577145034145e-06 1.00000000
13058008 58.228125 0.000130221662473506 8.4951181190821e-07 1.00000000
13058013 58.281712962963 0.000124032109947899 8.60474985761919e-07 1.00000000
13058014 58.3034837962963 0.000125229997175881 8.89469530548677e-07 1.00000000
13058015 58.3233564814815 0.000124191919661802 1.33826235971795e-06 1.00000000
13058016 58.3376041666667 0.000121489883311954 9.05078388811294e-07 1.00000000
13058017 58.3576388888889 0.000121887223715737 9.18002871434868e-07 1.00000000
13058018 58.377974537037 0.000120607819182585 9.28606845119404e-07 1.00000000
13058019 58.3988310185185 0.00011884532894813 9.32218582507812e-07 1.00000000
13058020 58.4198611111111 0.000119176489481539 9.44098504217455e-07 1.00000000
13058022 58.4424652777778 0.00019514544542294 3.01019554309009e-05 1.00000000
13058023 58.4453009259259 0.000114733558565506 1.08596398917406e-06 1.00000000
13058025 58.4660300925926 0.000116109658273085 9.85839669165247e-07 1.00000000
13058026 58.486724537037 0.000115788576903552 1.0090175138448e-06 1.00000000
13058028 58.5086921296296 0.000116469414935996 1.01599185258988e-06 1.00000000
13058029 58.5288888888889 0.000113908776099664 1.01638033672812e-06 1.00000000
13058030 58.5492939814815 0.000107394785324478 5.64423704226008e-06 1.00000000
13058031 58.5507175925926 0.000116064797980811 1.03880678412263e-06 1.00000000
13058032 58.5715393518518 0.000114546027009788 1.5073648286663e-06 1.00000000
13058047 58.9937962962963 0.000159437447387976 4.58839075019301e-05 1.00000000
13058048 58.9955555555556 0.000119401434074618 3.07665195139636e-05 1.00000000
13059003 59.0320601851852 0.000137631279439799 4.98227210020362e-06 1.00000000
13059004 59.0350810185185 0.000128523823664814 2.10511570030503e-06 1.00000000
13059005 59.0435648148148 0.000134004814298747 1.10850679202266e-06 1.00000000
13059006 59.0605092592593 0.000135289525933234 1.11932509514895e-06 1.00000000
13059007 59.078599537037 0.000132132147577488 1.12211474163958e-06 1.00000000
13059008 59.0961342592593 0.000131939438912945 1.2791388795607e-06 1.00000000
13059009 59.1135416666667 0.000130015504653054 1.14629786278829e-06 1.00000000
13059010 59.1316666666667 0.00013045901714314 1.14860139871413e-06 1.00000000
13059011 59.1509259259259 0.00012823700251944 1.14504156473845e-06 1.00000000
13059012 59.1702430555556 0.000128504032691942 1.15743623301951e-06 1.00000000
13059013 59.1889814814815 0.000127756568256225 1.15900942475234e-06 1.00000000
13059014 59.2081597222222 0.000127222064953325 1.17120293159665e-06 1.00000000
13059015 59.2272916666667 0.000127173039238639 1.69720042028852e-06 1.00000000
13059016 59.2407986111111 0.000126848176829192 1.20218623469505e-06 1.00000000
13059017 59.2599189814815 0.000127180511193815 1.21809566952895e-06 1.00000000
13059018 59.2796990740741 0.000124576034854461 1.22438484701492e-06 1.00000000
13059019 59.2992824074074 0.000120810912833556 4.92359866914816e-06 1.00000000
13059020 59.3017361111111 0.000125211114296277 1.23553014346292e-06 1.00000000
13059021 59.3209837962963 0.000124359089282296 1.2313868504843e-06 1.00000000
13059022 59.3400694444444 0.00012304648462854 1.23821850521398e-06 1.00000000
13059023 59.3597569444444 0.00012496061744059 3.32529114489022e-06 1.00000000
13059025 59.3686226851852 0.000124050235386807 1.2813157523754e-06 1.00000000
13059026 59.3878703703704 0.000122639434328027 1.27790557427035e-06 1.00000000
13059027 59.4073611111111 0.000123596661871386 2.12895495898421e-06 1.00000000
13059035 59.4855902777778 0.000139937657182488 2.08755437146688e-06 1.00000000
13059036 59.4904513888889 0.000138257980670728 6.75385838010514e-06 1.00000000
13059037 59.4918402777778 0.000138564817944469 9.14943665061509e-07 1.00000000
13059038 59.5114699074074 0.00013746557582142 9.22382907558485e-07 1.00000000
13059039 59.532037037037 0.000134862987090606 2.47741737214322e-06 1.00000000
13059076 59.7579050925926 0.000137933168100318 9.42080535336135e-07 1.00000000
13059077 59.7780787037037 0.000137244049788979 8.238359916226e-07 1.00000000
13059078 59.8059259259259 0.000134465854096196 8.29491915660627e-07 1.00000000
13059079 59.8325578703704 0.000130516178219753 9.71534754114384e-07 1.00000000
13059080 59.8527314814815 0.00013263135109054 1.1622850444576e-06 1.00000000
13059082 59.8722453703704 0.000132136751687373 8.92534172714234e-07 1.00000000
13059083 59.8982523148148 0.000129655765014471 9.03692293425704e-07 1.00000000
13059084 59.924525462963 0.000128911752699447 2.72237079940774e-06 1.00000000
13059085 59.92875 0.000128710783964907 9.20056425637646e-07 1.00000000
13059086 59.9544444444444 0.000129553032442171 9.83037620949124e-07 1.00000000
13059087 59.9783101851852 0.000126586655689794 1.34673599284525e-06 1.00000000
13060001 60.009212962963 0.000124847678395086 9.76685205523772e-07 1.00000000
13060002 60.034375 0.000124250318866154 9.89581791524434e-07 1.00000000
13060003 60.0592939814815 0.000124480959936679 1.50350331335604e-06 1.00000000
13060007 60.2014814814815 0.000137202882664438 1.52343528116829e-06 1.00000000
13060008 60.2115856481481 0.000132887350674376 1.01201477155187e-06 1.00000000
13060009 60.2294212962963 0.000136303186482452 1.03514876570904e-06 1.00000000
13060010 60.2478703703704 0.000134341279625255 4.34690453285953e-06 1.00000000
13060011 60.2507407407407 0.000131714286009856 1.01294190774548e-06 1.00000000
13060012 60.2712384259259 0.000133450910252467 1.1581357325377e-06 1.00000000
13061024 61.478275462963 0.00013610556520687 9.59164121605599e-07 1.00000000
13061025 61.4978819444444 0.000135216930433907 1.09671850900475e-06 1.00000000
13061026 61.5141203703704 0.000122678123111525 4.61676183415701e-06 1.00000000
13061029 61.5194675925926 0.000133497167692351 1.00313380677337e-06 1.00000000
13061030 61.5389930555556 0.000130111113933845 1.02647083066129e-06 1.00000000
13061031 61.5601388888889 0.000130598996543862 1.04646800970365e-06 1.00000000
13061035 61.5880555555556 0.000128569892308023 1.40674959035019e-06 1.00000000
13061053 61.8153703703704 0.000138710538481247 8.7116355964723e-07 1.00000000
13061054 61.8375925925926 0.000137525767399441 8.35292048620648e-07 1.00000000
13061055 61.8641203703704 0.000137241748367294 8.64844913342034e-07 1.00000000
13061056 61.892650462963 0.000135638895992275 1.01036452358836e-06 1.00000000
13061059 61.917650462963 0.000132238659851779 9.88058394135009e-07 1.00000000
13061060 61.9392708333333 0.000127780944680831 8.9820689807927e-07 1.00000000
13061061 61.9837731481481 0.000126365210965552 9.85125054091766e-07 1.00000000
13062001 62.0091435185185 0.000126100704285616 1.12265690400313e-06 1.00000000
13062002 62.0290277777778 0.000124094448261441 1.64026538008014e-06 1.00000000
13062004 62.0473032407407 0.000125772387207182 1.16493734666754e-06 1.00000000
13062005 62.0665740740741 0.00012666947976541 1.17693714321147e-06 1.00000000
13062006 62.0861111111111 0.00012432839957546 1.19137885507387e-06 1.00000000
13062007 62.1053356481481 0.000123657778110788 1.20366919073367e-06 1.00000000
13062013 62.3057407407407 0.000127948193325184 8.97036812944618e-07 1.00000000
13062014 62.3252893518519 0.000136416089817285 4.44673777913979e-06 1.00000000
13062025 62.3902893518519 0.000132406846982988 8.15226211383851e-07 1.00000000
13062026 62.4101041666667 0.000130644608872197 8.01449635391417e-07 1.00000000
13062027 62.4324189814815 0.000127489724465233 9.1606908060803e-07 1.00000000
13062028 62.4516550925926 0.00012923084494199 9.0640758674966e-07 1.00000000
13062029 62.4721412037037 0.000126111926362903 9.03723075034975e-07 1.00000000
13062031 62.4934953703704 0.000122737120238753 1.18914189412705e-06 1.00000000
13062045 62.5428819444444 0.000125767292762132 1.71774434086077e-06 1.00000000
13062046 62.5513310185185 0.000124065631108347 1.40225606009767e-06 1.00000000
13062049 62.5809375 0.000123843775154219 1.04492950715233e-06 1.00000000
13062050 62.6003125 0.000123192583950225 1.0561096486482e-06 1.00000000
13062052 62.6238773148148 0.000116106522747844 2.2232523056414e-06 1.00000000
13062059 62.6526388888889 0.000120820167966494 9.86335222394942e-07 1.00000000
13062060 62.6751851851852 0.000121755875954648 2.33185292682803e-06 1.00000000
13062061 62.6795601851852 0.000121803979353733 1.33777994501959e-06 1.00000000
13062062 62.6929282407407 0.00012066008787127 9.80303196569956e-07 1.00000000
13062063 62.7174074074074 0.000120900076800403 1.04001843264769e-06 1.00000000
13063006 63.1131597222222 0.000134524714341361 2.48126756972634e-06 1.00000000
13063009 63.1271412037037 0.000139901594207446 9.75645684160864e-07 1.00000000
13063010 63.1456712962963 0.000141928706565862 1.00826812438083e-06 1.00000000
13063011 63.1639699074074 0.000141003985650216 1.01806880583208e-06 1.00000000
13063012 63.182337962963 0.0217154999131728 0.000348552839459159 1.00000000
13063020 63.2075925925926 0.000134620690544476 2.8830710339832e-06 1.00000000
13063022 63.2152777777778 0.00013828630343601 1.06370029496818e-06 1.00000000
13063023 63.2338425925926 0.000135297731514737 1.07311270947249e-06 1.00000000
13063030 63.2764930555556 0.000134299249293235 1.09724522889243e-06 1.00000000
13063031 63.2958796296296 0.000133494170745031 1.11369438360695e-06 1.00000000
13063032 63.3136226851852 0.000130691976007817 1.12855600249882e-06 1.00000000
13063033 63.3317708333333 0.000121356091809978 6.94837778345548e-06 1.00000000
13063034 63.3362268518519 0.000128999560826032 9.70105747275234e-07 1.00000000
13063035 63.360625 0.000129780834946568 9.98544778257618e-07 1.00000000
13063036 63.384224537037 0.000130794884391205 9.35550912639901e-07 1.00000000
13063051 63.5432175925926 0.000147421108959026 9.61987339709841e-07 1.00000000
13063053 63.5670138888889 0.000153330792111982 9.22955739001415e-07 1.00000000
13063054 63.5904050925926 0.000149496979595658 9.81739791830853e-07 1.00000000
13063059 63.7352662037037 0.000160727707883378 9.52144840500142e-07 1.00000000
13063061 63.7641898148148 0.000141476942662928 8.73953791166125e-07 1.00000000
13063062 63.7898842592593 0.000141257637341835 9.03026622957139e-07 1.00000000
13063063 63.8158680555556 0.000142600536579875 2.02403855934213e-06 1.00000000
13063065 63.8286111111111 0.000149010722295258 1.35036339822201e-06 1.00000000
13063067 63.8533217592593 0.000149095392036527 1.39483464972073e-06 1.00000000
13063068 63.8687152777778 0.000153121377333262 1.06081043825587e-06 1.00000000
13063071 63.8998148148148 0.000154110513399058 2.00297067016019e-06 1.00000000
13063072 63.9099189814815 0.000150614966941023 1.35262671865722e-06 1.00000000
13063073 63.9272569444444 0.000149732485312411 1.10196657031208e-06 1.00000000
13063074 63.9530787037037 0.000151138792913095 1.25099812272116e-06 1.00000000
13063076 63.9765740740741 0.000145690779645444 1.06970586396876e-06 1.00000000
13064001 64.0045833333333 0.000144438503941717 1.271521160205e-06 1.00000000
13064002 64.025162037037 0.000140727540191715 1.03159908035038e-06 1.00000000
13064003 64.0565509259259 0.00014303115499901 1.37864939613166e-06 1.00000000
13064004 64.0752662037037 0.000143133610175642 1.39627773069976e-06 1.00000000
13064005 64.0948611111111 0.00014654933303168 2.26953446469217e-06 1.00000000
13064006 64.1056944444444 0.000143707403395053 3.61853171560611e-06 1.00000000
13064012 64.2054050925926 0.000158810875478894 1.3521266558003e-06 1.00000000
13064014 64.2214583333333 0.000149878285006102 9.51656719133676e-07 1.00000000
13064020 64.2631944444444 0.000147014193218396 1.05507157225758e-06 1.00000000
13064021 64.2822800925926 0.000146066213713105 1.07967604510709e-06 1.00000000
13064022 64.3005671296296 0.000142465788525958 1.13990219766203e-06 1.00000000
13064023 64.3190972222222 0.000143057036527816 1.1272982181884e-06 1.00000000
13064024 64.3378009259259 0.000147533312021353 9.49214356775965e-07 1.00000000
13064025 64.3648611111111 0.000139595316446367 1.00131471259673e-06 1.00000000
13064026 64.3890046296296 0.00014396961259967 1.28807688025583e-06 1.00000000
13064028 64.4306134259259 0.00013881070961859 1.21854020166539e-06 1.00000000
13064029 64.4503009259259 0.000136085340860823 9.81507886861097e-07 1.00000000
13064030 64.4785532407407 0.000116481037872779 1.18255426310053e-05 1.00000000
13064031 64.4792824074074 0.000139128221335549 1.07598549556631e-06 1.00000000
13064032 64.5052662037037 0.000135944585967508 1.33785454675189e-06 1.00000000
13064052 64.6147916666667 0.000141988318796988 2.80226203563404e-06 1.00000000
13064055 64.624537037037 0.00013185319164912 7.52856492081816e-07 1.00000000
13064056 64.6543055555556 0.000132175046640287 9.4395043116261e-07 1.00000000
13064057 64.6756597222222 0.000132321632682622 9.82688817802486e-07 1.00000000
13064059 64.7300231481481 0.000127535308469473 2.21527154726308e-06 1.00000000
13064061 64.7390277777778 0.000130785167493238 1.41523109746389e-06 1.00000000
13064064 64.7561921296296 0.000120479375765886 8.98596571456845e-07 1.00000000
13064065 64.7844444444444 0.000116487624333219 8.4508660846785e-07 1.00000000
13064066 64.8165740740741 0.000118307232924256 1.08101132169843e-06 1.00000000
13064067 64.8398842592593 0.000115727103150301 4.60676946217836e-06 1.00000000
13064068 64.8436226851852 0.000114888483208349 1.2719989761252e-06 1.00000000
13064070 64.8635185185185 0.000115710233002806 9.79906217063181e-07 1.00000000
13064074 64.8950462962963 0.000112787842366767 1.03391071745442e-06 1.00000000
13064075 64.9209027777778 0.000114849953717862 9.42639391489592e-07 1.00000000
13065005 65.0997106481481 0.000128024889472424 8.23536471768389e-07 1.00000000
13065006 65.119537037037 0.000126816470127518 8.81806940314715e-07 1.00000000
13065007 65.1397453703704 0.000125474346052641 9.25934309058866e-07 1.00000000
13065008 65.1585300925926 0.000122489748117895 9.50447490538057e-07 1.00000000
13065009 65.1786111111111 0.000122603476630124 9.7690022779315e-07 1.00000000
13065013 65.2147916666667 0.000120283220411972 3.02109880522421e-06 1.00000000
13065014 65.2229513888889 0.00011991571530792 1.02888961285422e-06 1.00000000
13065015 65.2426041666667 0.000118644123915951 1.04462375245978e-06 1.00000000
13065016 65.2620717592593 0.000118828301626791 1.06001863942112e-06 1.00000000
13065017 65.2817708333333 0.000119804046489342 1.08565911944874e-06 1.00000000
13065018 65.3012152777778 0.000113894146438442 1.06975679078331e-06 1.00000000
13065019 65.3200231481481 0.000117569434026938 1.00243191426486e-06 1.00000000
13065020 65.3442361111111 0.000113793050257977 1.01639728122261e-06 1.00000000
13065021 65.366412037037 0.000114170299360729 1.03691031082416e-06 1.00000000
13065022 65.388275462963 0.000114098394495079 1.39105525200259e-06 1.00000000
13065046 65.6676851851852 0.000129414990002554 6.94402146803105e-07 1.00000000
13065047 65.6980555555556 0.000123980400659349 9.02462764124502e-07 1.00000000
13065048 65.7183564814815 0.000124901016634703 8.31293754386827e-07 1.00000000
13065049 65.7431944444444 0.000122120299568817 8.49832630206989e-07 1.00000000
13065050 65.7678472222222 0.000121660702779295 8.73128513969769e-07 1.00000000
13065051 65.8024884259259 0.000122068747152838 1.78941901816661e-06 1.00000000
13065052 65.8197337962963 0.000118551891295952 1.07158837569789e-06 1.00000000
13065053 65.8395601851852 0.00011774515437709 9.78641681464891e-07 1.00000000
13065055 65.8727199074074 0.000113727612402588 1.0698458478497e-06 1.00000000
13065056 65.8933217592593 0.000115019966219829 9.88634417218203e-07 1.00000000
13065058 65.9215740740741 0.000114175690636265 1.187525012576e-06 1.00000000
13065059 65.9405324074074 0.000116297008044763 1.18239659804197e-06 1.00000000
13065060 65.9608217592592 0.000113497882372424 9.73791153714317e-07 1.00000000
13066021 66.1260416666667 0.000120122762706536 1.10119147357041e-06 1.00000000
13066022 66.1446643518519 0.000121015760943102 1.13614328614689e-06 1.00000000
13066023 66.1630324074074 0.000120559945570584 1.17212972874628e-06 1.00000000
13066024 66.1809490740741 0.000119605986994099 1.19622877979147e-06 1.00000000
13066025 66.2012384259259 0.000119037903570721 1.21637620090929e-06 1.00000000
13066026 66.2199768518519 0.00011731295708529 1.23200692504468e-06 1.00000000
13066027 66.2380671296296 0.000116610272141803 1.2471869918717e-06 1.00000000
13066028 66.2565856481481 0.000115941682072587 1.26098368346806e-06 1.00000000
13066029 66.2756018518518 0.000115365038789155 1.27805863255546e-06 1.00000000
13066030 66.2945949074074 0.000112837777917118 1.27365228156513e-06 1.00000000
13066031 66.3135185185185 0.000113335809566924 1.2936957472491e-06 1.00000000
13066033 66.3335532407407 0.000114608937211651 1.30788673252082e-06 1.00000000
13066034 66.3529050925926 0.000110387059016727 1.24805942273698e-06 1.00000000
13066035 66.3726736111111 0.000112874641464141 1.25696717424039e-06 1.00000000
13066036 66.3941550925926 0.000113650182451318 2.17902167079358e-06 1.00000000
13066100 66.7947569444444 0.00012008875040045 1.4560560338538e-05 1.00000000
13066101 66.796712962963 0.000125278144306521 1.52745929516871e-06 1.00000000
13066102 66.807662037037 0.000127032686656661 1.45316023743732e-06 1.00000000
13066104 66.8199074074074 0.000126521673951031 1.3124520351118e-06 1.00000000
13066105 66.8372106481481 0.000128170721152364 4.70498695280728e-06 1.00000000
13066109 66.857962962963 0.000125838687559269 8.7114146835784e-07 1.00000000
13066110 66.8921643518518 0.000125539784115667 8.2930389070786e-07 1.00000000
13067001 67.0007523148148 0.00014670009308224 8.4333649978993e-07 1.00000000
13067002 67.0213310185185 0.000141251378277458 8.07266794357309e-07 1.00000000
13067003 67.0436111111111 0.000140035716405627 8.58361851330004e-07 1.00000000
13067004 67.0656365740741 0.00013780074999174 8.89829733156487e-07 1.00000000
13067005 67.086712962963 0.000137057569811185 1.06159360674568e-06 1.00000000
13067006 67.1046759259259 0.000134898024851853 1.22213060150444e-06 1.00000000
13067007 67.1255324074074 0.000135836979874723 9.74911392077287e-07 1.00000000
13067008 67.1459143518519 0.000133800920875179 9.9731081523184e-07 1.00000000
13067009 67.1665509259259 0.000133746698286895 1.02027629834631e-06 1.00000000
13067010 67.186400462963 0.000131967482630159 1.03253783764541e-06 1.00000000
13067011 67.2063078703704 0.000134996588410026 1.05801905081667e-06 1.00000000
13067012 67.2266666666667 0.000133216041633751 1.2750178973108e-06 1.00000000
13067013 67.2444328703704 0.000129877858868111 1.09498121313041e-06 1.00000000
13067014 67.2643055555556 0.000131422199790683 1.16919645983901e-06 1.00000000
13067015 67.2823032407407 0.000129510976989775 1.17526005253876e-06 1.00000000
13067017 67.3016319444445 0.000131120481457341 1.69152167414506e-06 1.00000000
13068017 68.0834375 0.000139839192488092 9.21628985922868e-07 1.00000000
13068022 68.115162037037 0.000138113031479759 1.14803773229973e-06 1.00000000
13068023 68.1311226851852 0.000135548491740869 1.36112431758597e-06 1.00000000
13068027 68.2084375 0.000131149772987676 9.75655846698829e-07 1.00000000
13068028 68.2340393518518 0.000132540328666137 2.41888055366997e-06 1.00000000
13068029 68.2588657407407 0.000126031716820891 1.11143318086823e-06 1.00000000
13068034 68.3090162037037 0.000125665472337378 1.14262655951114e-06 1.00000000
13068036 68.3314699074074 0.000126285201126032 9.81167063786631e-07 1.00000000
13068037 68.3587152777778 0.000126889736364808 1.05819409067047e-06 1.00000000
13068057 68.5772453703704 0.000142822937658253 8.18174300559453e-07 1.00000000
13068058 68.5967361111111 0.000138257252723686 8.05101968618075e-07 1.00000000
13068059 68.6174189814815 0.00013936958227327 8.21087878091859e-07 1.00000000
13068060 68.6395138888889 0.000144162619254564 8.93223426138904e-07 1.00000000
13068084 68.8781712962963 0.000169962787492512 2.5690919185545e-06 1.00000000
13068085 68.8810532407407 0.000164407171140455 9.42957881156619e-07 1.00000000
13068086 68.8993287037037 0.000160705815230711 9.63029684951462e-07 1.00000000
13068087 68.9182986111111 0.000159012859251464 8.90860783688354e-07 1.00000000
13068088 68.9410416666667 0.000156069400489545 8.73193819645207e-07 1.00000000
13068090 68.9684606481481 0.00015297823659273 8.20932578876926e-07 1.00000000
13069001 69.0017592592593 0.000151573554107922 6.98206913339145e-07 1.00000000
13069002 69.0464351851852 0.000148787397186583 1.06530180602599e-06 1.00000000
13069003 69.0671527777778 0.000149100079236934 1.42125162457843e-06 1.00000000
13069004 69.0829166666667 0.000147006010327282 1.05214401168388e-06 1.00000000
13069005 69.1054976851852 0.000148466177782278 1.19361672056529e-06 1.00000000
13069006 69.1283101851852 0.000143818773620439 1.17840350733309e-06 1.00000000
13069007 69.1473958333333 0.000146247349137653 1.17642636843134e-06 1.00000000
13069008 69.1684143518519 0.000142781725342544 1.21831493446875e-06 1.00000000
13069013 69.2701851851852 0.000162368473832085 8.87547655930542e-07 1.00000000
13069014 69.2903935185185 0.000157831578030814 8.65417517884742e-07 1.00000000
13069016 69.3187384259259 0.000157656361609586 9.64876062134617e-07 1.00000000
13069017 69.3382291666667 0.000154609696204695 9.60514408872086e-07 1.00000000
13069018 69.3592013888889 0.00015419712104054 1.00215613929902e-06 1.00000000
13069020 69.3820486111111 0.000155805591948327 2.25811765471697e-06 1.00000000
13069021 69.3905439814815 0.000150645488652564 9.79075246513062e-07 1.00000000
13069022 69.4124537037037 0.000149494841279025 9.82702915516909e-07 1.00000000
13069023 69.4364467592593 0.000150493134612304 1.0176073861414e-06 1.00000000
13069024 69.4585185185185 0.000150662552109143 1.68834923667635e-06 1.00000000
13069026 69.4725462962963 0.000147948354839877 1.12942683056767e-06 1.00000000
13069027 69.4919675925926 0.000146048447887192 1.40298013675722e-06 1.00000000
13069029 69.5214583333333 0.000148806554086092 4.3650247358535e-06 1.00000000
13069030 69.5234837962963 0.000147674702637719 1.08040426332112e-06 1.00000000
13069031 69.5459606481482 0.000145514263003295 2.79970875924864e-06 1.00000000
13069035 69.5540393518519 0.000144773368637039 1.13355973116876e-06 1.00000000
13069036 69.5751388888889 0.000142715369145852 1.57113441333807e-06 1.00000000
13069066 69.7859259259259 0.000161560133222763 8.00054031766806e-07 1.00000000
13069067 69.8110300925926 0.000158203433667707 7.79674466471874e-07 1.00000000
13069068 69.8385416666667 0.000156280261651307 8.58955026703057e-07 1.00000000
13069069 69.8627199074074 0.000159948777084191 1.60815209022595e-06 1.00000000
13069073 69.8946412037037 0.000155705304479366 8.5030202092937e-07 1.00000000
13069074 69.9225 0.000157407856969959 8.05304241850451e-06 1.00000000
13070006 70.3053587962963 0.000163104575755494 1.42260579848849e-06 1.00000000
13070008 70.315775462963 0.000160470510071975 7.95126616036361e-07 1.00000000
13070010 70.3440393518519 0.000159645313917918 7.8426907051469e-07 1.00000000
13070011 70.3722685185185 0.000159631116503366 1.05240347191266e-06 1.00000000
13070012 70.3889814814815 0.000157380665069692 8.35661679394977e-07 1.00000000
13070014 70.4188657407407 0.000155737715560825 2.0423170802012e-06 1.00000000
13070015 70.4240162037037 0.000156151763444244 4.8674915420604e-06 1.00000000
13070016 70.4349189814815 0.000155450627622606 1.00102069721559e-06 1.00000000
13070017 70.4555555555556 0.000154854107417925 1.00304134510315e-06 1.00000000
13070018 70.4767824074074 0.000157753842722944 1.92182205049711e-06 1.00000000
13070019 70.4840972222222 0.00016347242803707 5.19771269439103e-06 1.00000000
13070020 70.4861689814815 0.00015551044414247 1.05583704645565e-06 1.00000000
13070021 70.5069097222222 0.000154169060590342 2.4618754789642e-06 1.00000000
13070022 70.511412037037 0.000152512128169356 1.04021622241838e-06 1.00000000
13070024 70.5438657407407 0.00014431759504808 2.52665829063197e-06 1.00000000
13070025 70.5484027777778 0.000148397502365794 1.08271154392537e-06 1.00000000
13070026 70.5688888888889 0.000147326691883909 1.12619207774934e-06 1.00000000
13070027 70.5889351851852 0.000150115788090612 1.21040421018656e-06 1.00000000
13070030 70.6127893518519 0.000147862321138175 6.74147723672241e-06 1.00000000
13070056 70.8806828703704 0.000292072478344072 1.18337377767517e-06 1.00000000
13070057 70.9048148148148 0.000287326760066281 1.25210943631421e-06 1.00000000
13070058 70.9274652777778 0.000287849978796114 1.25026354787108e-06 1.00000000
13070059 70.9514467592593 0.000285088249488217 2.35981335242457e-06 1.00000000
13070060 70.9628703703704 0.000284452465407077 2.22790506753267e-06 1.00000000
13070061 70.9783217592593 0.000283945453152728 4.76229707317593e-06 1.00000000
13071003 71.0089583333333 0.000268357044451493 1.42787467684174e-06 1.00000000
13071004 71.0290972222222 0.000268207993399233 1.52528906432389e-06 1.00000000
13071005 71.0469328703704 0.000265986612439581 1.53208543843682e-06 1.00000000
13071006 71.0648148148148 0.000261978072078403 2.95610883978031e-06 1.00000000
13071008 71.0767476851852 0.000244701445622182 2.33137939463248e-06 1.00000000
13071009 71.0923958333333 0.000129793389828915 1.82057053404345e-06 1.00000000
13071010 71.1020833333333 0.000125207819629527 1.05839933675415e-06 1.00000000
13071011 71.122025462963 0.000123748349360633 1.05369597190491e-06 1.00000000
13071012 71.1415625 0.000123206374034075 1.00904838378064e-06 1.00000000
13071028 71.5106018518518 0.000132881517585453 8.6366743845932e-07 1.00000000
13071029 71.5302430555556 0.000130926178642614 9.16136605829408e-07 1.00000000
13071031 71.5509490740741 0.000130944322809473 8.68918613933377e-07 1.00000000
13071032 71.5721875 0.000133605612498056 8.7557948207116e-07 1.00000000
13071033 71.5940856481482 0.000131218649625274 9.22963528083166e-07 1.00000000
13071034 71.6141666666667 0.000139882633568669 1.88573025644241e-05 1.00000000
13071037 71.6301041666667 0.000114656967983022 1.02542750619677e-05 1.00000000
13071038 71.6313888888889 0.000129980915113653 1.76251303148058e-06 1.00000000
13071040 71.6410069444444 0.000126820339988899 5.02449996142049e-06 1.00000000
13071041 71.6437268518518 0.000128988392312998 8.0105807963699e-07 1.00000000
13071042 71.6728587962963 0.00012334302442524 1.14761817278009e-06 1.00000000
13071043 71.6873611111111 0.000121630710956848 9.51899015970658e-07 1.00000000
13071045 71.7150578703704 0.00012289089209235 9.25717184732038e-07 1.00000000
13071046 71.7377083333333 0.000121423256876132 1.42664765452695e-06 1.00000000
13071048 71.7512731481481 0.000120866266114294 1.30159187219702e-06 1.00000000
13071050 71.7720949074074 0.000121168687808272 9.25436276045919e-07 1.00000000
13071051 71.7973263888889 0.000122559288752553 1.8778727872233e-06 1.00000000
13071055 71.8127083333333 0.000119499122783974 1.06405615082074e-06 1.00000000
13071064 71.9415856481481 0.000132426727937964 8.31340153634103e-07 1.00000000
13072001 71.9609837962963 0.000129650061446979 8.64721271291759e-07 1.00000000
13072002 71.9798032407407 0.000128094444809874 8.48459323398489e-07 1.00000000
13072003 71.9997453703704 0.000127845577325915 8.36666714441768e-07 1.00000000
13072004 72.0211689814815 0.000129022148107 1.0668509877931e-06 1.00000000
13072005 72.0349421296296 0.000126936244034059 8.79392874296187e-07 1.00000000
13072006 72.0557060185185 0.000122648590551039 1.87222134438853e-06 1.00000000
13072007 72.0640740740741 0.000124387778576483 9.09509645203081e-07 1.00000000
13072008 72.0856134259259 0.000125087422361825 8.6814929013062e-07 1.00000000
13072009 72.1084027777778 0.000122785244893118 9.54091398542888e-07 1.00000000
13072010 72.1293287037037 0.000122920724127433 1.01116134364853e-06 1.00000000
13072011 72.1470138888889 0.000123190403692234 9.89653099686786e-07 1.00000000
13072014 72.1739236111111 0.000121839283225996 1.3274805689836e-06 1.00000000
13072015 72.1884837962963 0.000121307137535433 1.24261646458872e-06 1.00000000
13072016 72.2023726851852 0.000119050172963464 8.46174476426149e-07 1.00000000
13072017 72.2291203703704 0.000117941467821792 1.01701829191747e-06 1.00000000
13072018 72.2482175925926 0.000120120990725235 1.04557632408666e-06 1.00000000
13072019 72.2671759259259 0.000120100354929608 1.50058058497348e-06 1.00000000
13072020 72.2777199074074 0.000121724071913945 1.35567686350666e-06 1.00000000
