1  13039122
2  13039126
3  13039131
4  13039132
5  13039135
6  13039136
7  13040003
8  13040016
9  13040017
10  13040018
11  13040037
12  13040040
13  13040041
14  13040042
15  13040043
16  13040044
17  13040045
18  13040046
19  13041002
20  13041004
21  13041006
22  13041007
23  13041008
24  13041009
25  13041010
26  13041082
27  13041101
28  13041102
29  13041108
30  13041109
31  13041110
32  13041115
33  13041116
34  13041119
35  13042001
36  13042002
37  13042003
38  13042006
39  13042007
40  13042008
41  13042013
42  13042015
43  13042016
44  13042017
45  13042018
46  13042019
47  13042020
48  13042022
49  13042023
50  13042024
51  13042025
52  13042026
53  13042027
54  13042046
55  13042047
56  13042048
57  13042049
58  13042050
59  13043005
60  13043006
61  13043011
62  13043012
63  13043013
64  13043017
65  13043023
66  13043030
67  13043031
68  13043032
69  13043035
70  13043044
71  13043047
72  13043048
73  13043049
74  13043050
75  13043051
76  13043052
77  13043053
78  13043054
79  13043055
80  13043056
81  13043057
82  13043058
83  13043059
84  13043060
85  13043063
86  13044017
87  13044018
88  13044019
89  13044020
90  13044021
91  13044022
92  13044023
93  13044024
94  13044025
95  13044026
96  13044029
97  13044030
98  13044031
99  13044034
100  13044118
101  13044119
102  13044121
103  13044122
104  13044123
105  13044124
106  13044125
107  13044126
108  13045001
109  13045003
110  13045005
111  13045006
112  13045007
113  13045012
114  13045029
115  13045056
116  13045129
117  13045133
118  13045134
119  13045135
120  13045138
121  13045145
122  13045146
123  13045164
124  13046001
125  13046002
126  13046003
127  13046004
128  13046008
129  13046010
130  13046011
131  13046012
132  13046013
133  13046014
134  13046015
135  13046017
136  13046028
137  13046029
138  13046118
139  13046119
140  13046120
141  13046121
142  13047002
143  13047003
144  13047004
145  13047014
146  13047018
147  13047022
148  13047023
149  13047024
150  13047026
151  13047027
152  13047028
153  13047029
154  13047030
155  13047031
156  13047032
157  13047033
158  13047034
159  13047035
160  13047036
161  13047037
162  13047039
163  13047040
164  13047041
165  13047042
166  13047043
167  13047044
168  13047045
169  13047046
170  13047047
171  13047048
172  13047049
173  13047050
174  13047051
175  13047052
176  13047053
177  13047054
178  13047055
179  13047094
180  13047122
181  13047123
182  13047124
183  13047125
184  13047126
185  13048001
186  13048007
187  13048009
188  13048010
189  13048011
190  13048012
191  13048013
192  13048014
193  13048015
194  13048016
195  13048017
196  13048018
197  13048019
198  13048020
199  13048022
200  13048023
201  13048030
202  13048031
203  13048032
204  13048039
205  13048040
206  13048041
207  13048042
208  13048043
209  13048044
210  13048045
211  13048046
212  13048049
213  13048050
214  13048051
215  13048052
216  13048053
217  13048087
218  13048088
219  13048089
220  13048090
221  13048091
222  13048092
223  13048093
224  13049004
225  13049005
226  13049006
227  13049007
228  13049031
229  13049032
230  13049035
231  13049039
232  13049041
233  13049042
234  13049044
235  13049045
236  13049046
237  13049047
238  13049048
239  13049049
240  13049050
241  13049052
242  13049072
243  13049073
244  13049075
245  13049080
246  13049081
247  13049082
248  13049086
249  13049087
250  13049088
251  13049089
252  13049093
253  13049094
254  13049096
255  13049098
256  13049099
257  13049101
258  13050001
259  13050006
260  13050007
261  13050009
262  13050011
263  13050012
264  13050015
265  13050016
266  13050020
267  13050022
268  13050023
269  13050025
270  13050026
271  13050027
272  13050028
273  13050029
274  13050031
275  13050032
276  13050033
277  13050036
278  13050037
279  13050038
280  13050039
281  13050041
282  13050042
283  13050043
284  13050044
285  13050046
286  13050047
287  13050049
288  13050050
289  13051006
290  13051007
291  13051008
292  13051009
293  13051010
294  13051011
295  13051012
296  13051015
297  13051016
298  13051017
299  13051019
300  13051020
301  13051021
302  13051022
303  13051023
304  13051024
305  13051026
306  13051028
307  13051068
308  13051069
309  13051070
310  13051071
311  13051072
312  13051073
313  13051074
314  13051080
315  13051081
316  13051083
317  13051085
318  13051086
319  13051087
320  13051088
321  13051091
322  13051092
323  13051093
324  13051095
325  13051099
326  13051100
327  13051102
328  13052001
329  13052002
330  13052003
331  13052004
332  13052005
333  13052009
334  13052010
335  13052011
336  13052012
337  13052013
338  13052014
339  13052015
340  13052016
341  13052017
342  13052018
343  13052019
344  13052020
345  13052021
346  13052022
347  13052036
348  13052037
349  13052039
350  13052042
351  13052043
352  13052045
353  13052048
354  13052050
355  13052051
356  13052052
357  13052053
358  13052054
359  13052056
360  13052061
361  13052063
362  13052068
363  13052088
364  13053004
365  13053005
366  13053006
367  13053007
368  13053010
369  13053012
370  13053013
371  13053015
372  13053021
373  13053023
374  13053027
375  13053028
376  13053029
377  13054004
378  13054005
379  13054006
380  13054007
381  13054008
382  13054009
383  13054010
384  13054011
385  13054012
386  13054013
387  13054014
388  13054015
389  13054016
390  13054017
391  13054018
392  13054019
393  13054020
394  13054022
395  13054023
396  13054042
397  13054043
398  13054044
399  13054045
400  13054046
401  13054047
402  13054057
403  13054058
404  13054060
405  13054061
406  13054062
407  13054063
408  13054064
409  13054065
410  13054066
411  13054068
412  13054069
413  13054070
414  13054084
415  13054085
416  13055001
417  13055004
418  13055006
419  13055007
420  13055008
421  13055009
422  13055010
423  13055011
424  13055014
425  13055015
426  13055016
427  13055017
428  13055018
429  13055019
430  13055020
431  13055021
432  13055022
433  13055023
434  13055024
435  13055034
436  13055035
437  13055036
438  13055037
439  13055038
440  13055039
441  13055068
442  13055069
443  13055070
444  13055071
445  13055072
446  13055073
447  13055075
448  13055076
449  13055080
450  13055081
451  13055082
452  13055086
453  13055087
454  13055088
455  13055089
456  13055090
457  13056004
458  13056005
459  13056007
460  13056008
461  13056011
462  13056012
463  13056017
464  13056020
465  13056021
466  13056022
467  13056023
468  13056024
469  13056025
470  13056026
471  13056027
472  13056028
473  13056029
474  13056030
475  13056031
476  13056033
477  13056034
478  13056035
479  13056037
480  13056038
481  13056039
482  13057005
483  13057006
484  13057007
485  13057008
486  13057009
487  13057010
488  13057011
489  13057014
490  13057015
491  13057016
492  13057017
493  13057018
494  13057019
495  13057021
496  13057022
497  13057023
498  13057024
499  13057025
500  13057026
501  13057027
502  13057038
503  13057039
504  13057042
505  13057044
506  13057045
507  13057046
508  13057047
509  13057048
510  13057049
511  13057050
512  13057051
513  13057052
514  13057053
515  13057055
516  13057056
517  13057057
518  13057058
519  13058002
520  13058003
521  13058008
522  13058013
523  13058014
524  13058015
525  13058016
526  13058017
527  13058018
528  13058019
529  13058020
530  13058023
531  13058025
532  13058026
533  13058028
534  13058029
535  13058030
536  13058031
537  13058032
538  13058047
539  13058048
540  13059003
541  13059004
542  13059005
543  13059006
544  13059007
545  13059008
546  13059009
547  13059010
548  13059011
549  13059012
550  13059013
551  13059014
552  13059015
553  13059016
554  13059017
555  13059018
556  13059019
557  13059020
558  13059021
559  13059022
560  13059023
561  13059025
562  13059026
563  13059027
564  13059035
565  13059037
566  13059038
567  13059039
568  13059076
569  13059077
570  13059078
571  13059079
572  13059080
573  13059082
574  13059083
575  13059084
576  13059085
577  13059086
578  13059087
579  13060001
580  13060002
581  13060003
582  13060007
583  13060008
584  13060009
585  13060010
586  13060011
587  13060012
588  13061024
589  13061025
590  13061026
591  13061029
592  13061030
593  13061031
594  13061035
595  13061053
596  13061054
597  13061055
598  13061056
599  13061059
600  13061060
601  13061061
602  13062001
603  13062002
604  13062004
605  13062005
606  13062006
607  13062007
608  13062013
609  13062025
610  13062026
611  13062028
612  13062029
613  13062045
614  13062049
615  13062050
616  13062052
617  13062059
618  13062060
619  13062061
620  13062062
621  13062063
622  13063009
623  13063010
624  13063011
625  13063020
626  13063022
627  13063023
628  13063030
629  13063031
630  13063032
631  13063033
632  13063034
633  13063035
634  13063036
635  13063051
636  13063053
637  13063054
638  13063062
639  13063063
640  13063065
641  13063067
642  13063068
643  13063071
644  13063072
645  13063073
646  13063074
647  13063076
648  13064001
649  13064002
650  13064003
651  13064004
652  13064005
653  13064006
654  13064012
655  13064014
656  13064020
657  13064021
658  13064022
659  13064023
660  13064024
661  13064025
662  13064026
663  13064028
664  13064029
665  13064030
666  13064031
667  13064032
668  13064052
669  13064055
670  13064056
671  13064057
672  13064059
673  13064061
674  13064064
675  13064065
676  13064066
677  13064067
678  13064068
679  13064070
680  13064074
681  13064075
682  13065005
683  13065006
684  13065007
685  13065008
686  13065009
687  13065013
688  13065014
689  13065015
690  13065016
691  13065017
692  13065018
693  13065019
694  13065020
695  13065021
696  13065022
697  13065046
698  13065047
699  13065048
700  13065049
701  13065050
702  13065051
703  13065052
704  13065053
705  13065055
706  13065056
707  13065058
708  13065059
709  13065060
710  13066021
711  13066022
712  13066023
713  13066024
714  13066025
715  13066026
716  13066027
717  13066028
718  13066029
719  13066030
720  13066031
721  13066033
722  13066034
723  13066035
724  13066036
725  13066101
726  13066102
727  13066104
728  13066109
729  13066110
730  13067001
731  13067002
732  13067003
733  13067004
734  13067005
735  13067006
736  13067007
737  13067008
738  13067009
739  13067010
740  13067011
741  13067012
742  13067013
743  13067014
744  13067015
745  13067017
746  13068017
747  13068022
748  13068027
749  13068029
750  13068034
751  13068036
752  13068037
753  13068057
754  13068058
755  13068059
756  13068060
757  13068084
758  13068085
759  13068086
760  13068087
761  13068088
762  13068090
763  13069001
764  13069002
765  13069003
766  13069004
767  13069005
768  13069006
769  13069007
770  13069008
771  13069009
772  13069013
773  13069014
774  13069016
775  13069017
776  13069018
777  13069020
778  13069021
779  13069022
780  13069023
781  13069024
782  13069026
783  13069027
784  13069029
785  13069030
786  13069031
787  13069035
788  13069036
789  13069066
790  13069067
791  13069068
792  13069069
793  13069073
794  13070006
795  13070008
796  13070010
797  13070011
798  13070012
799  13070014
800  13070015
801  13070016
802  13070017
803  13070018
804  13070019
805  13070020
806  13070021
807  13070022
808  13070024
809  13070025
810  13070026
811  13070027
812  13070030
813  13070056
814  13070057
815  13070058
816  13070059
817  13070060
818  13070061
819  13071003
820  13071004
821  13071005
822  13071006
823  13071008
824  13071009
825  13071010
826  13071011
827  13071012
828  13071028
829  13071029
830  13071031
831  13071032
832  13071033
833  13071034
834  13071037
835  13071038
836  13071040
837  13071041
838  13071042
839  13071043
840  13071045
841  13071046
842  13071048
843  13071050
844  13071051
845  13071055
846  13071064
847  13072001
848  13072002
849  13072003
850  13072004
851  13072005
852  13072006
853  13072007
854  13072008
855  13072009
856  13072010
857  13072011
858  13072014
859  13072015
860  13072016
861  13072017
862  13072018
863  13072019
864  13072020
865  13072020
